25
932081
979966
281093
223948
644
355647
623151
288649
666031
1353
103945
981805
994363
217060
1848
808269
568186
721701
308009
2829
448415
76244
893003
706945
3164
180849
178634
477448
254385
3837
992225
709526
367098
548111
4122
208031
154182
915023
704315
4659
592937
740128
167122
709309
4990
918615
153921
390661
836326
5245
934859
747563
551323
134636
5687
61313
657679
595636
429817
6008
228438
181893
612975
5227
6152
732877
729189
933025
133704
6527
675460
915962
870077
507742
7014
63906
545414
138237
127361
7752
672809
889687
628950
497014
8035
83291
64420
174053
829055
8310
422293
5890
693349
904835
8832
574779
87725
126258
25767
9336
187858
970933
399945
916003
9906
19379
376888
151248
453642
10245
683867
375434
902374
290523
10776
550683
684834
714397
372902
11518
63133
414657
238419
104023
12237
443904
611329
622791
449689
12735
642426
523444
246630
363234
13472
218949
563912
400125
26349
13809
716324
923884
658019
509804
14298
270481
274716
408166
563915
15065
960334
206705
22951
239619
15859
243643
492240
248147
279744
16615
979666
880419
622965
829854
17167
155454
582275
802622
34650
18003
787144
834813
47888
793315
18462
443932
351544
935085
10042
18783
545188
930660
809793
901543
19019
462029
128433
256351
763170
19371
899806
102345
247134
58125
19939
779970
608701
598164
112289
20581
669303
745724
268413
196952
21257
165103
926141
708317
643142
21756
463106
656724
366540
513650
22301
179622
114454
565996
483794
22953
162770
206717
980882
608886
23704
67927
586908
886517
862476
24143
826906
598221
131394
804750
24532
992778
132930
867470
317642
24880
318165
345629
434237
920201
25837
445131
436389
88988
562898
26112
395758
83612
832321
669782
26522
616255
683945
871934
873806
27104
290325
908395
184346
588373
28154
92266
133577
808633
208190
28642
846679
24776
362456
167310
29623
265587
750415
287256
109630
30179
597273
710254
200558
650801
30466
765314
976350
664243
853131
30939
573471
578411
350896
299965
31305
926030
29216
688510
537339
31917
719060
287642
50857
61657
32615
821758
467638
670409
285886
33256
227515
552218
917213
543892
33429
516880
25372
336504
606455
34099
775361
657735
114476
850685
34207
601565
610967
680447
914952
34630
492733
818725
902472
747623
35022
732085
961712
653082
232777
35361
269320
392887
431337
468039
35737
117071
748983
469985
466624
36097
597412
124308
8142
917115
36807
86185
830800
390417
371261
37502
379730
70236
627203
34176
37752
740797
204567
458066
93749
38098
526504
275182
716626
648547
38605
30197
4511
450402
759032
39249
742838
426920
597569
304691
39819
491960
362610
293492
711350
40510
432574
985337
867264
280819
40902
481033
821374
630445
337856
41367
681841
583203
116576
222682
41653
22290
869010
297916
690617
42018
581896
809993
196964
111551
42537
82593
295126
309211
167424
43179
803155
901039
498275
215208
43744
971969
345262
98610
68357
43878
88781
825999
248491
764997
44409
807557
247731
790004
444808
44884
874912
184433
859140
385904
45025
282547
88185
302773
195735
45529
988424
297107
969721
999212
46218
307165
376886
499171
844381
46871
271358
450594
514650
622779
47189
872395
229949
747531
402530
47574
162098
35214
614617
762900
48226
156928
505376
979169
577843
48690
451863
473173
186086
570739
49295
527408
81423
151063
30830
49689
583783
207357
353886
467963
50378
469881
105078
101448
596892
50806
964597
707633
316866
323024
51689
891501
266571
729457
679662
52130
380207
101544
138924
355978
52674
197240
927319
718678
682095
53038
383247
303188
684546
97132
53818
547393
390973
25939
464503
54246
956714
903924
112666
812003
54701
340929
246614
369141
275839
55067
410921
953862
33842
924532
55378
898297
771629
646156
86923
55852
387158
405371
838117
8313
56204
618910
697167
576174
580912
56674
717680
201042
498227
770429
56927
487481
962769
151685
642195
57639
246022
899495
274060
394100
58182
487037
297615
275584
313647
58393
943927
595460
681805
586908
58900
479957
38514
264307
94027
59579
628791
860111
909418
142853
59814
788303
486578
114344
804596
60809
330986
410123
319624
572792
61442
984600
536618
489085
941304
62240
257484
386389
465823
828441
62861
621297
842139
147096
957533
63219
991809
45009
883173
874145
63523
969971
353023
430304
684972
64021
56709
60326
834019
112666
64695
498150
790755
680610
727071
65145
304425
268920
925410
936993
66506
909214
89190
332317
106891
67340
440462
643248
143886
360684
67769
731176
220757
104659
297979
68017
366892
987915
429013
26297
68290
970277
468458
795675
269974
68615
275639
839059
166007
874275
69186
376128
541804
686710
739918
69381
324501
565850
289279
695678
69819
68253
870915
810271
84816
70404
821026
279675
188821
967803
70650
268612
918205
739456
891067
71502
863144
708698
280724
792829
72116
535338
247986
443081
799067
73138
717756
337549
948584
807310
73380
120206
405612
363468
885429
73910
288400
879357
483191
342503
74322
5639
305337
736274
382068
74931
37603
678665
717051
16054
75954
733678
49667
845288
344223
76268
576721
594252
614213
849877
76673
493951
546187
706265
765321
76923
87228
615747
107269
370816
77201
850997
108973
673702
281975
77642
789339
221576
982099
170719
78088
718207
595736
834889
716428
78546
350306
853703
160398
350760
79221
388020
260628
528668
913448
79665
789400
636098
236147
919590
80021
137478
21095
99424
232516
80509
191785
940772
672417
612200
80913
326784
255833
33697
318868
81174
368878
646801
546377
777741
81512
752615
517328
93436
302296
82350
160128
671925
375033
329972
82959
953418
203847
29855
546545
83339
560015
630086
561559
478548
83820
896424
74819
904993
359024
84666
259616
51043
248169
224833
84999
380410
608040
705873
455547
85400
798902
248371
77073
170913
85957
990020
247326
349929
938048
86366
772184
366557
813892
397600
86801
435314
25849
247823
441704
87311
241897
678339
612686
231646
87698
327390
456783
100753
244637
87869
64322
964830
197671
179986
88021
218568
127935
729385
864602
88219
212739
810715
837803
497130
88778
979029
744109
382612
634314
89177
948413
804489
369229
239424
89459
421930
71761
969193
116216
89978
620106
156745
320981
196925
90696
275147
778765
779082
971245
91370
304389
165048
177887
584959
91935
17234
27066
466019
695237
92600
688329
981487
81226
374866
93379
125780
983626
502645
917244
93989
568556
966262
456581
498428
94347
559399
254309
142629
322943
94789
64391
491104
855581
346404
95067
860764
680629
790555
478064
95666
984449
209970
32175
456283
95878
472607
476130
891199
747726
96751
856974
705645
958460
135446
97228
973837
931453
433682
694921
97453
19054
614074
286202
629750
98461
323611
433331
316494
540730
98865
381106
425847
22016
154753
99353
27826
73287
182741
73631
99665
998519
11489
833212
162824
100063
37712
467266
952407
166390
100592
953269
95561
63519
270453
101502
959600
999621
206475
393380
102266
933313
888855
413259
571953
102739
183684
820460
136398
577953
103306
903012
546747
163369
219796
103684
839359
832117
349868
116436
103982
146570
610641
119416
714103
104308
425535
185963
729986
978634
104632
837021
500942
6081
718411
105010
244103
99556
471543
276972
105562
175421
634279
357061
48270
105867
222360
218550
769293
88245
106328
155691
781025
405181
556324
106893
412764
72199
85457
984735
107214
840353
348168
868525
988040
107429
648073
20400
835212
773586
108068
242338
346737
174078
727628
108440
850280
440530
647397
73902
109050
747047
233890
372578
698185
109162
588273
338163
981930
322763
109608
347819
81378
575808
147559
110227
133535
77655
647142
616618
110934
839539
37864
171480
735816
111296
504369
492711
188088
111326
111578
885792
777778
528308
724851
111987
573042
550247
787554
912618
112518
77021
414857
722071
494747
113148
939425
777504
204993
245819
113730
983748
507203
458354
544232
113995
941207
917748
367638
570643
114441
987529
873171
55287
219697
114769
204334
800904
788139
656488
115522
994145
478434
891170
309296
116239
459163
857866
626318
622890
116610
98730
359119
869126
978721
117264
25877
403590
583677
875318
118012
133381
755788
588498
649917
118853
234954
773351
987671
761690
119288
711099
640550
173930
168044
119800
558275
111241
340719
814718
120257
482206
705410
718010
861800
121066
732253
286310
731971
280848
121833
216902
256174
821682
488530
122151
984140
201150
631382
998245
123014
384406
959312
250212
704651
123841
120132
491060
16821
112883
124289
209314
516073
615429
774540
124870
868194
354258
558217
33253
125833
340385
128389
6592
643078
126104
5705
524570
177885
821440
126818
884334
941718
461958
717116
127744
414264
501768
976473
424735
128360
885562
570184
145507
560258
128571
482392
285981
382515
384
129691
396861
625806
816591
259932
130673
817776
5282
921149
741311
130999
86024
143889
942983
738835
131631
94257
471063
528873
473277
132045
280490
929881
873337
291159
132559
269662
290041
214359
435407
133131
251356
391430
121164
974105
133553
883042
991466
285933
383561
134153
662608
86501
610086
165253
134505
940879
500288
919041
867133
134962
654928
713802
713358
43818
135543
235448
521023
480279
244827
135996
200522
327121
559738
951546
136274
966525
22877
36475
864879
136619
411386
713908
176966
803869
137051
918756
294844
107062
46881
137286
221574
794052
109250
405509
137413
587146
498337
989438
794843
137927
321125
888321
70002
954037
138240
171664
873033
948784
818799
138852
224574
463221
18000
974412
139049
717003
600616
140919
666526
139416
660018
530464
962027
484590
139957
630410
839374
446313
663704
140095
704779
983701
741850
737433
140905
489105
487149
299981
993108
141656
309998
242905
785434
778380
142012
397336
983763
655700
725950
142587
968123
637637
779570
809763
143021
494259
473294
47643
494535
143774
58347
198710
984347
326075
144141
85496
339739
301968
531223
145076
150834
414984
861001
588163
145480
588009
23847
70564
480200
145836
745358
628976
682043
488600
146395
804309
486183
681871
172610
146652
888445
549120
444318
812376
147194
350312
400641
649619
993143
147926
120419
401654
61586
16965
148580
509516
289557
333020
758656
149421
797
868009
699611
131088
149849
908848
373247
531858
879816
150163
809482
334492
487444
369791
150565
862359
567751
863942
9163
150808
837385
6879
318891
929722
151107
288406
531058
209280
222081
151541
478115
445625
250052
845625
151869
693549
652754
210939
820716
152456
536275
697160
697600
311228
152864
973285
800852
436260
714047
153205
722420
268503
523720
188352
153857
49532
691131
942691
399267
154397
191562
76467
100300
904814
154638
822128
802782
782472
947834
155065
777890
241391
620663
212095
155305
263237
528906
208635
782176
156012
472734
603481
772996
794719
156297
706245
555767
788107
894592
156483
900981
679646
451466
737465
156702
862793
539988
230989
889140
157175
954603
78827
640478
961191
158248
970429
552614
706765
584679
158714
856974
812307
594087
954755
159309
180188
41545
161130
253386
159750
146793
356825
94801
51068
160099
780345
521843
416149
663345
160443
453957
410781
63044
940374
160772
788692
990818
494083
442117
161075
88636
979571
234141
362489
161270
266316
290412
778303
233012
161932
483444
219413
454208
876096
162274
961425
815996
350139
940258
162555
848898
410647
291802
507281
163100
315045
447420
764624
73208
163421
92957
542967
61877
827794
163714
490723
812224
892440
593507
164734
662198
484287
361746
500331
165213
513075
90751
429268
620085
165522
485601
492132
864130
312201
165829
405194
843538
486578
555287
166214
377729
446593
118343
619775
166696
666270
187975
490109
666192
167091
556852
298721
161224
942083
167453
526585
187097
885223
690638
168470
318321
790754
873765
675110
168972
658186
410542
818257
498756
169523
595248
923870
78545
411019
169937
238065
146936
494781
937352
171172
769732
685099
439582
526814
171451
359958
31189
267958
337444
171837
452514
200634
200196
835919
172116
256359
131859
901386
553650
172985
700980
984061
314319
882284
173289
892628
268433
497671
606204
173992
952299
221138
994018
656990
174313
769712
52446
997796
47209
175148
890768
834967
483186
516959
175490
288347
505131
817462
894339
176112
422612
386686
936121
938468
176884
350283
352501
727585
632947
177357
821969
526944
948765
212999
177720
916262
390689
105518
148990
178074
383608
428126
735368
860073
178603
525757
409831
361272
238205
178836
69376
886992
912356
761699
179080
683007
180606
162839
788972
179467
496116
860358
580159
20159
179750
285277
809663
325566
978568
180680
31925
334082
629757
462367
180939
275368
396084
553296
39696
181634
151960
550128
789301
284154
182023
571951
673936
896331
579722
182760
482837
499793
869709
976700
183113
683023
838645
83278
769902
183610
558442
717380
447156
811170
184129
497883
107864
661353
306096
184619
554513
526187
174662
816969
184777
736605
961388
205919
479642
185591
315555
471385
79631
758083
186033
396490
382524
223878
924138
186209
474541
300416
695416
378916
186470
7975
675817
291542
76046
186884
916872
448337
89918
892542
187072
626594
418577
189344
912871
187716
839379
497864
797916
616399
188001
63946
43070
581643
953357
188484
42002
655844
811257
461030
189042
608615
851456
946941
567751
189366
371871
389535
454390
541703
190132
850026
260801
613431
205494
190438
243382
743815
350563
675333
191097
425111
504542
383084
770991
191588
764801
354076
109888
142310
191931
778766
747593
808782
10366
192282
559861
836646
819423
122086
192997
287260
99369
734317
692430
193523
5134
835718
374114
620486
194341
462311
312564
560437
252581
195005
188905
180767
819944
675824
195626
65052
188463
419585
361620
196285
654556
757918
889968
62614
196678
734973
277151
636904
21405
197226
735917
40087
842475
2865
197312
231090
550559
515022
713536
198030
846830
3895
277747
137022
198522
136328
212485
867417
914239
198723
872514
219262
258012
834476
199415
710214
839797
94788
155058
199905
554501
685053
944631
642578
200356
471816
603625
499359
534552
200880
874997
941198
85191
411781
201346
669061
937871
738482
171348
201791
87555
462650
183258
460765
202232
851370
635344
440029
607390
203289
752515
497470
739769
957021
203723
392551
288575
823371
841095
204149
37131
594850
265233
757863
204476
156061
119527
975426
117595
204787
261188
549696
812977
522162
205030
931328
857357
994758
208594
205578
774806
93454
708185
529264
205918
433801
103367
979334
303492
206217
733842
525521
675489
570820
206664
332045
382501
385283
76284
207000
559470
576921
941055
976772
207689
993904
89118
529940
113531
207982
810514
478156
440971
741127
208197
590775
794054
903458
40817
208656
241257
69596
854151
693559
209217
655892
401777
513168
276769
209932
806414
39158
465197
968876
210295
205906
818339
309316
48726
210476
507341
740865
63491
560373
210907
602024
680820
215121
959631
211080
419672
994644
310802
995697
211841
317591
607211
877725
35777
212383
945232
336876
852235
385914
212781
450299
88071
315191
824400
213090
785336
129849
607093
636616
213860
48585
779577
746609
839128
214310
454920
690108
558037
636524
214538
286196
838447
154782
703813
215109
308446
502377
964696
55617
215751
548705
651274
541336
797765
215981
592606
395405
11323
541805
216110
493994
535002
446167
426324
216557
872636
140128
286759
783688
217017
497000
605662
577925
588942
217367
24762
340390
110324
521889
217650
477952
682716
844782
55653
218524
811979
955043
510277
130800
218617
286625
400518
770837
108237
219295
5728
522974
257835
519887
219682
214389
761105
71917
333684
219881
296278
925774
375075
479736
220620
599200
739153
686181
532865
221006
134209
49994
191988
134448
221406
242962
91836
579066
46156
222299
634561
938730
667187
36800
222606
157819
744120
724333
736933
223542
698884
629187
417101
925575
224076
677965
887876
906981
156546
224502
425468
295999
151307
623775
224891
612813
148855
430874
632384
225275
407304
375439
708004
674050
225643
52974
450184
25948
820236
225998
70474
681348
564397
848174
226687
947554
394328
694838
162427
227748
934485
537534
95646
105930
228755
715308
55022
334255
59613
229527
186897
752128
847181
160418
230011
67627
736716
818356
237323
230858
423834
575814
86100
833107
231045
814850
568948
390937
412914
231119
507859
23987
11915
16347
231886
517686
659277
156655
922794
232601
224942
186935
588987
586566
232854
638296
697301
924212
607787
233609
612954
545664
489605
109080
234274
689857
351309
398225
293085
234886
286701
78050
498926
407172
235061
405642
770208
337780
686165
235718
826842
63958
646999
838438
236452
994827
677857
734741
291188
237167
773134
141525
411635
760460
237567
834214
612437
762126
996261
238069
503386
351006
581669
361920
238428
978426
674426
344862
429159
238885
861819
904429
702571
392413
239146
250232
842679
282252
718546
239522
491305
913705
321978
553296
240076
225379
669598
978722
306211
240890
340169
432641
711539
779203
241630
967943
561673
965621
111398
241909
678597
316041
105714
459554
242308
216183
501258
964940
563908
242719
409823
94600
864946
626689
243040
54906
74332
589624
153429
243586
967929
834758
545826
159845
244079
961905
539965
586533
965621
244532
671061
751324
679318
351502
244757
475770
126103
560874
950352
245191
255982
867263
531883
123672
245569
609771
885622
150515
796278
245845
220130
464054
706280
311170
246261
662891
770058
15174
409201
246868
830582
195680
146047
438087
247417
219290
525265
955545
998777
247841
803691
928363
648604
596166
248096
836180
878610
156249
923611
248303
56845
615299
345766
263118
248472
814165
186201
231760
484027
248960
653889
483386
203067
845202
249488
885527
773662
523975
402131
249877
161011
600559
287144
901249
250234
52874
743394
957081
486309
250654
184496
236431
42283
185318
251055
932938
282459
567357
524150
251602
972870
104545
804596
563896
252327
976110
15779
653193
218551
252961
375989
196256
558693
602888
253385
863983
724720
804269
724381
254105
963970
523890
251744
555721
255118
859128
874027
766147
462272
255433
757774
501844
203730
513537
256191
921831
205982
756027
239802
256554
130674
179076
606249
264520
257574
638615
294544
672386
958480
258010
857380
960574
64855
771983
258754
139296
957584
791655
151749
259568
328410
157819
441964
468400
259962
961806
570670
807916
135425
260818
65106
463931
989550
461037
260965
712436
464113
805947
612437
261279
327619
867392
154553
317365
261883
485286
904330
260899
142343
262266
279075
880228
496478
401126
262931
230473
455017
362028
612176
263759
758665
310019
637648
608155
264162
431732
54330
120268
265064
264560
436043
162540
353501
667658
265112
528687
437932
344181
845829
265494
444826
24957
581381
33261
266051
623062
900705
33193
725497
266452
516158
689524
866335
632225
267324
109107
959628
169891
662918
267805
452420
693914
794930
48514
268399
631342
905298
611721
34900
268867
793773
409085
416174
352231
269443
539407
433270
196949
585091
270008
942045
416980
618616
598662
270530
569899
113780
124045
287277
270996
477507
319636
437901
208307
271712
343928
464025
171106
839821
272842
759930
573923
539990
67805
273785
514344
624861
347519
179171
274066
631219
980689
400281
673772
275127
912207
555928
88681
572878
275512
399056
797102
249397
477078
276081
321862
367796
163560
777437
276563
435064
935386
113843
225268
277014
132441
619407
152855
479894
277661
865218
508625
863239
504985
277999
528544
136270
224855
640270
279140
595815
822441
141713
317537
279865
715244
14227
521191
155245
280368
877670
240529
593825
562929
280700
722298
470801
459572
953878
280922
655410
762927
810955
821544
281296
131608
47246
598528
489131
281713
797578
628593
34110
216040
282251
195143
856343
919533
899999
282717
242271
165964
770118
508287
283812
57693
506577
436969
805538
284350
566272
315686
19723
176566
284978
166685
277092
799831
879268
285343
362231
955167
674075
906809
285748
203499
292827
884208
378033
286055
52629
719152
737962
958506
286238
248430
999321
148563
109960
286706
460614
8192
184122
149768
287224
683670
828043
867668
532268
287327
541915
62444
77650
179740
287562
694211
190728
491462
574891
288335
909512
109100
319639
68111
288548
613441
87891
359042
905648
288858
144809
186851
98076
924164
289320
173149
411295
199602
962384
289973
275477
788644
699399
982094
290433
95343
221862
321760
458814
290931
177698
835176
905487
326774
291131
796308
658436
214430
993350
291395
542557
853929
175732
245920
291955
750787
306838
901873
599063
292575
214228
677175
690088
743235
292990
941865
928870
422973
728458
293368
67964
788586
393246
209178
293874
300824
73982
351350
358709
294583
547768
123121
949897
583373
294888
755810
778615
159584
169626
295761
627063
676248
674138
871215
296039
203550
24473
276484
49623
297112
983697
137273
905498
35536
297795
899643
596342
920832
853011
298339
536967
207735
513671
258008
299036
334089
316700
382864
975292
299539
541110
358096
632426
220450
299785
271387
141304
185397
456832
300492
669184
339181
151758
739888
301244
247544
524808
242382
403206
301626
393595
983929
512115
873104
302027
389000
517103
362435
559132
302528
251522
874190
289173
484366
303176
549037
783632
16232
732824
303875
68503
67442
292863
440710
304670
476570
477915
937082
186849
305174
582296
817784
324347
951609
305901
446339
239837
593469
675448
306347
591731
476159
385441
414052
307180
765239
290461
496743
584604
307451
382709
614023
645318
566628
308120
39186
676743
493559
56018
308873
39356
487027
367087
571164
309122
757011
931349
387729
859196
309624
533106
723044
947805
581607
309855
814696
849778
614231
184665
310457
592812
338215
115921
2123
310941
394828
794681
650973
492403
311211
273522
964236
639325
46389
311431
321731
896550
84782
682911
312192
587823
10835
551572
786655
312535
419219
759706
393473
640894
313030
702878
299601
250795
293312
313943
54211
185888
515569
736168
314650
808152
776675
110815
203777
315018
302083
720198
587315
992617
315211
160921
837340
205376
386827
315840
661606
159766
838418
907053
316351
636778
760452
502879
630076
316837
220872
891504
969410
343980
317282
143133
130501
824350
847000
317551
932801
609819
236355
393516
317879
161734
20777
932531
995200
318329
551910
887661
173046
714515
318896
724343
69802
416969
883730
319428
358782
54428
425001
196419
319654
250453
957227
356842
653503
320535
150166
755637
645105
121142
321066
45182
402382
522678
305300
321811
269845
295295
60179
115027
322352
916301
578284
627288
967035
323599
368464
851652
14686
286150
324161
580582
455934
395194
70569
324409
154639
450853
890388
148102
324761
56782
826048
925963
517766
325194
513514
826180
693941
298814
325477
299486
499946
587662
544590
325952
753143
982768
813631
865353
326486
213997
145216
205940
830213
327332
901591
369955
348651
774117
327657
591936
159539
818118
750583
327917
532733
304017
121182
22660
328650
839636
330486
818291
444231
328893
4150
234661
511681
98789
329826
139760
389633
719038
821674
330251
67674
948980
802683
518720
330648
136595
838649
636776
344616
331025
850191
809551
967555
626342
331437
756465
266681
612181
341967
332363
696069
621364
227570
346482
332995
689606
841760
145230
470258
333311
599288
32922
317200
742226
333963
328771
426106
339108
139130
334307
906895
834701
906201
186283
334733
156604
832957
520437
830775
335938
102989
835200
414090
500005
336637
389776
233568
481530
595854
337585
261828
651896
23765
362633
338053
584228
409621
351060
455063
338475
311971
763912
831461
196099
339243
668314
454391
661809
805458
340033
346316
549940
971574
663689
340552
4622
532780
580559
186503
341029
772664
437250
934113
468504
342460
285469
51882
834163
860743
342755
102675
719858
350308
579901
343489
116315
37670
744956
361749
343875
59721
870665
824801
242674
344347
160796
338250
558472
432362
344656
660826
87886
914366
665615
345389
822897
518118
653756
44572
345932
430738
209663
239248
951814
346332
424521
136029
583908
555936
346588
381646
141911
554180
549462
347155
766820
57493
377891
511932
347496
703934
32410
550921
369527
348084
631783
258864
663708
384023
348540
147604
862202
960271
408920
349038
776942
198354
630533
642014
349720
462270
410942
330493
623820
349909
871360
551297
489352
415623
350242
702371
6231
226032
44591
350368
820598
179705
865685
199366
350624
858047
120593
797120
595467
350979
693808
17801
713730
66313
351300
361166
945628
702551
459037
351544
785100
871131
495256
616199
352169
475500
443432
539526
79704
352695
787283
842704
3049
177710
353346
347948
857854
785807
414185
353931
450297
173446
451637
267885
354244
171503
596782
664592
638248
355435
477368
332925
860543
496761
356323
150653
198183
772114
539882
356789
232725
803210
802640
892376
357025
13768
633396
241678
589523
357349
95722
133828
674556
87732
357956
603063
528447
37103
677937
358581
636683
301472
474942
799892
358975
591188
591463
398635
291988
359332
189763
109513
353654
391982
360154
219571
532926
455203
923317
360474
421649
781024
361087
586249
360982
1676
462129
162006
598399
361308
386347
444971
270802
984069
361714
280467
890194
149835
907180
362002
172039
222859
914813
758554
362272
467482
190223
281471
407173
362517
109829
955306
731400
315064
363168
471885
973142
813644
555282
363736
665998
750816
993705
903813
364540
393374
713748
785902
750126
365499
18795
199557
468671
954849
366224
525514
937727
421903
128240
366547
156380
419753
238598
507151
366979
329846
114504
388815
405191
367511
406809
529673
161098
176082
368052
92483
612093
416293
572436
368813
116574
700493
367758
787097
368927
961653
474441
485813
147001
369182
843813
923594
781224
873459
369689
425299
366949
138735
636387
370158
152987
601629
234872
317521
370947
615931
527701
539309
85372
371646
307206
241300
319838
10302
372509
929036
725882
397793
691078
373258
406220
528186
586869
392092
374023
727585
647263
953188
969082
374435
802311
703966
197598
316786
374953
83740
49006
139728
898261
375194
429112
208319
690565
537729
375802
80787
542395
858229
350937
376198
110823
888806
522549
52494
376960
696422
977900
580340
75387
377254
575982
250815
188879
580388
377815
201656
667143
281886
410777
378071
662495
416426
620570
471436
378755
948714
691804
942105
185655
378964
862433
419501
151919
494122
379414
463699
422632
708087
258027
380163
596075
908405
882688
184674
380458
614168
554263
339364
916994
381243
29801
152776
488617
889964
381834
831954
18981
402303
934189
382414
949432
115592
933728
919866
382630
204204
700825
139470
519170
383013
46723
957093
646537
702415
383353
92903
342620
178773
611850
383997
249187
308074
961723
377232
384641
264734
379322
177279
767438
385110
980282
735079
786569
880830
385420
759166
486393
405355
927910
385600
663989
21608
217601
54986
386040
14340
377034
58277
402333
386564
491966
592722
397516
363679
386841
329205
398523
545730
54308
387372
795298
468784
342640
821991
388292
177938
478979
966471
474558
388732
980760
162712
151209
404887
389475
838144
221161
813874
599068
389864
867112
117471
636433
420700
390258
384760
313873
667839
158324
390705
929025
914771
764271
576494
391232
733407
869809
898295
809933
391909
108509
940398
538494
911855
392280
573305
139375
817885
998213
392762
138887
685325
56428
690672
393238
99302
337568
175662
108188
393409
858386
179006
579619
634589
393775
320652
813624
236896
541037
394271
68217
986849
873272
396736
394552
931569
469015
917775
288398
395168
879802
600351
75862
216477
395691
574399
138170
30122
493632
396384
177154
966264
671150
93305
396775
474124
217454
728259
397189
397311
750713
670448
774980
484834
397583
780177
224443
270931
889335
398038
838979
414224
491643
120161
398595
548737
703291
826330
240500
399201
697157
725628
508413
502528
399695
451243
26284
190824
244575
400177
843619
198918
718078
34109
400773
322192
926203
830074
82696
401332
378690
429265
691271
969527
401740
469592
208952
3415
788143
402212
977592
553844
677629
1529
402648
537749
145220
68779
815784
403865
774558
496126
945618
815128
404213
697106
333129
356994
89700
404445
605456
589303
39345
695137
405127
525582
237236
603542
699076
405311
664129
104131
512379
433110
405470
930428
740649
815137
97304
405660
232001
53821
896161
676147
406201
66751
790222
462562
820672
406819
7415
311199
640549
324198
407334
301840
550258
519875
357365
408645
60948
30228
6951
960894
409448
577024
92234
964382
987518
409926
186969
794987
947863
76898
410263
444873
972981
462288
474689
410766
73299
457762
201884
172014
410980
409016
893811
794648
914251
411369
849151
483076
241994
821060
411737
444064
852439
238351
684613
412431
774473
173122
766063
160746
413009
20336
414448
419444
477743
413685
312371
567159
710893
448122
414130
112472
69492
152077
308661
414312
134633
311010
591256
570455
414708
804210
764100
879430
866896
414928
596672
771173
49170
237127
415727
100687
124843
826396
182897
416095
766085
453379
445188
869968
416205
766890
234858
330202
746281
416716
327794
61420
831657
683212
417016
513269
220986
9159
116775
417533
89252
115097
844419
83310
418609
258496
132768
362671
527216
419006
911190
311418
99553
407819
419355
368835
9255
639140
864523
419615
318227
929274
417188
573216
419793
843425
582182
547499
410195
420297
522113
569459
763441
542710
421579
179440
940177
68371
578105
421786
536198
122629
338410
483074
422341
99694
881321
786103
903746
422651
571689
665537
158604
343568
423498
169181
9991
485470
386900
423899
892918
466847
716604
289773
424520
84687
926753
10245
953598
424842
670338
543620
702745
399606
425345
832543
266308
391464
198334
425746
226666
336204
465179
517872
426160
182666
576653
601626
635315
426557
539565
885180
397171
8958
427233
86381
145182
881402
19511
427502
924952
450749
389266
130821
428460
352260
893774
343435
160780
429260
214127
67899
679799
245173
429455
66884
438347
223470
128541
430325
845900
918396
472667
889338
430601
968229
410464
554250
918812
430870
210762
737754
306726
881946
431605
95066
638677
416558
919372
432164
111740
448732
532081
514489
432527
435667
590667
350523
756352
432871
866507
200029
506485
611288
433350
846784
161296
156987
477823
434052
609276
862291
491170
994746
434576
196470
293133
860924
702656
435124
974967
280866
630074
276538
435396
445558
106311
547914
413307
435990
35498
977839
924300
309311
436504
56345
670866
206844
899735
436953
674269
890634
201087
944779
437661
512836
790412
275622
399231
438087
866059
424261
734314
927940
438621
185356
319332
698865
695444
439063
490177
335788
725327
77474
440018
84322
546973
262848
529197
440712
878531
700157
707845
324933
441402
702543
56615
664693
582646
441913
466012
225242
543353
787070
442159
251363
601139
654033
228337
442723
536980
730239
857435
434957
443317
757639
124157
637261
356606
443818
467590
310336
446234
600209
444142
77126
693237
547777
708905
444746
607468
416188
569911
416608
444913
602713
374644
585619
991528
445431
463411
813071
435455
556421
446021
530059
201748
137311
90357
446355
677945
57422
696022
9795
446668
453167
438893
6790
205027
447209
235029
625120
488202
788727
447542
389729
34293
499285
132073
448152
190495
792042
633978
8057
448554
526554
695685
823643
722028
449036
109087
893914
81317
333943
449917
721758
56538
513175
428992
450340
719850
345674
766679
238632
450645
193118
803662
721942
261999
451053
528244
94348
866113
441146
451514
528460
231115
804682
949912
452262
646789
36476
241915
545620
453088
456255
521150
569059
692420
453548
369081
966849
752487
868710
454168
166839
351354
850108
682276
454914
63499
990184
294652
404792
455065
329782
525416
974420
153932
455480
846329
255329
139354
473117
456031
852321
735311
654705
803016
456585
437015
997292
625043
920175
457362
229895
933302
542372
723825
457709
587981
860639
881942
407906
458067
410046
398371
267648
333007
458834
369121
678763
614965
382693
459548
225994
759690
987935
30597
460077
189637
229030
446589
997922
461226
687344
48274
513828
997607
462123
732864
960938
324382
245645
462277
355932
916345
795691
13901
462479
879820
463044
450422
234977
462862
564240
654556
258977
693175
463274
312807
289709
606520
111223
463560
974957
741530
87104
503057
464033
350460
910466
559513
837379
464312
757888
445562
378658
488175
464923
764886
699152
249736
980391
465418
775661
139684
559575
936310
466119
346460
596392
86617
91044
467030
953488
174192
301840
421519
467430
393361
919732
746897
519110
467942
518755
973894
65063
130
468425
319469
586552
264807
536805
468679
385735
78825
608480
58727
469362
576439
371789
266480
928008
470038
45950
74298
401401
408057
470402
803588
530184
758974
40369
471128
65584
277629
319291
156138
471786
622517
814950
327531
154594
471950
948116
728301
464100
143813
472597
163327
778533
415560
922444
472967
2197
544864
606221
699148
473208
374145
568040
740565
162200
473354
944945
875159
728331
567124
474348
965614
461881
263522
444161
474678
242362
68029
4834
626577
475221
119388
245192
925574
383764
475687
899388
569811
979099
79354
476109
380395
507062
515301
819144
476299
183169
563457
710622
463716
476844
541250
584539
245600
13349
477469
939895
373515
577250
721016
477861
861094
84825
31676
335070
478126
106095
636210
196582
485659
478860
839518
729093
234482
186174
479557
424064
952917
713000
330826
479905
654014
191637
362183
138903
480232
8731
85762
726704
436766
480415
43525
579910
222386
756525
482069
525154
836700
531559
640692
482379
585040
922407
759240
134502
483015
880385
198596
136418
681953
483289
53346
156402
492442
304735
483684
46774
511864
59738
688623
484112
737822
470969
58185
126377
484535
902466
497146
280211
149917
484992
26884
292332
422244
691765
485475
15247
66940
701896
969541
485823
330796
197426
261064
225136
486368
320718
168760
663704
238849
486623
504333
105638
279678
755575
487414
212237
770653
822939
985915
487730
287732
664938
195502
476024
488327
328808
510551
795241
918159
488763
517971
256873
921250
153000
489202
286260
125156
451067
700037
489784
206517
213722
196452
188447
490486
666022
80998
635817
243194
490859
385283
18354
284906
910055
491311
47772
540063
396324
937023
491901
737080
45671
432418
192714
492163
553727
660234
216447
492072
492421
53003
129602
493555
217217
493490
815514
739771
357136
411691
493857
182918
567961
854582
103962
494218
865146
13537
820591
648152
494560
874688
423189
131726
735487
494927
877101
261689
527476
315874
495329
675395
717966
532216
314983
496314
520889
539129
391941
202181
497003
577959
505666
757774
857229
497310
354025
249343
225592
394197
497778
678326
43195
868473
164682
498208
594768
797185
406038
344890
498338
11093
88050
633099
237064
498736
551704
165565
968349
563463
498992
867475
906087
169378
734577
499354
162507
609716
640415
495307
499958
175677
695566
317711
512085
500059
958481
673290
842871
574146
500768
112564
100038
613135
137078
501734
607838
926281
722752
777156
501878
504691
780890
231022
224563
502354
576683
111490
70496
483517
502506
512727
346431
800089
97843
502900
866399
18397
498380
687580
503332
6040
845019
431938
695513
504345
742839
429685
922552
73885
504821
880737
984482
458172
325182
505213
9608
941306
204544
312143
505771
937722
567518
313117
950800
506521
24604
343734
933348
80239
507041
163315
614176
254111
711589
507164
791290
428383
757811
759913
507439
934725
281288
328029
683374
508208
764435
209496
105623
829412
508822
170808
909813
620404
718764
509229
463376
774017
827314
565296
510165
696039
799249
986079
971498
510679
91858
817102
564720
287518
511599
644890
364378
106476
480250
511941
905513
198534
533628
388273
512403
23579
412867
253841
437017
512842
821309
343007
649384
314006
513215
988796
889426
571865
191805
513591
360482
6509
85841
144488
514049
374903
12590
205320
378000
514519
276354
237462
650742
156437
514937
227252
549262
22092
891753
515415
313967
484775
985578
610778
516397
352142
649278
250842
19363
517083
143700
273104
896102
595201
517799
31100
210061
35291
138874
518692
121997
790369
840836
354023
518916
780651
45043
548415
47253
519436
718134
252969
896982
616804
520202
260281
862622
983357
703442
520748
281393
587114
977823
367539
521148
851109
331335
503047
880727
521807
817187
288695
960219
572921
522052
761012
718433
498693
894312
522422
34150
654495
161468
670432
523218
834668
220744
192504
758873
523800
342050
383832
986469
941249
524170
2680
900178
550219
238142
524949
267386
663192
571213
225500
525465
520774
386531
460021
690019
525949
818364
68328
359819
658120
526540
434213
515165
121271
913562
526903
625444
158491
378034
554844
527677
705762
214999
80624
689194
528208
612307
863267
873517
132953
528466
284553
762974
887600
938381
528759
76987
299712
458040
57204
529012
977289
661121
574738
366403
529325
927306
113369
267852
127842
529859
394826
213457
521345
377076
530396
778366
138465
838186
700707
530976
136857
826676
719276
219539
531376
631652
593406
696156
939658
531929
783030
128494
178054
500025
532554
688955
199672
603989
968604
532739
38978
577429
988907
516753
533069
890206
191111
593921
307281
533972
442046
899665
966797
932674
534722
772210
345541
50740
437934
535300
905774
193984
403089
301195
536166
71268
169369
644016
522131
536718
350455
34403
224443
55497
537045
664343
770311
398888
565092
537664
766906
419910
911481
817649
538475
600780
69376
468727
699130
538551
225681
685130
327863
639460
539312
441191
487498
94246
198422
539863
672648
733228
597929
724443
540058
216920
537142
461721
455317
540494
512261
34686
818175
643638
540780
759765
58468
213792
198660
541299
659299
304256
423761
970513
541785
497298
758894
680584
646081
542215
575028
386730
992512
441687
542567
941612
346204
933324
299419
543292
308355
87682
159058
318177
543585
803385
497612
529052
346078
543929
83657
35775
813700
105639
544758
415534
375986
826299
999710
545516
701814
993378
211042
340948
545977
860122
376084
684397
552201
546223
421337
508907
807100
932369
546548
21443
411278
851181
187504
547246
468476
358726
217605
900039
547572
44894
513475
35315
238053
548321
800127
970557
586244
931869
548737
202277
954767
893348
406148
549463
449443
868432
853767
594264
550116
365726
403396
267478
448271
550227
673239
588409
305459
322315
550540
389171
213790
103791
813760
550939
969879
685534
668211
692919
551894
756805
822893
766487
349342
552337
473307
837660
841816
828447
553030
709367
767791
897091
472440
553674
975455
874846
743417
138585
554237
644271
787715
55243
841328
554419
210318
190243
311332
830463
554882
625361
50527
546413
483486
555420
833645
257930
69379
151341
555725
645324
992678
996869
979831
555998
954099
431418
264140
783173
556766
742374
763249
841273
163539
558064
855362
194841
214457
953432
558444
755212
800376
502015
397872
558761
393237
629027
533511
122040
559476
504400
422630
102227
748326
559859
86637
5266
696436
323927
560079
694852
978672
427432
341227
560462
374250
714084
273884
954959
561557
827884
335304
490305
64423
561767
508097
594289
176196
788025
562810
212986
370603
846421
747062
563820
637298
378906
224264
937817
564209
436419
424692
957565
733007
564586
839589
163505
210474
274330
565232
17789
28245
792342
103951
565746
712045
805390
832709
875610
566173
618706
49602
840464
159288
567049
85121
881992
78246
854862
567481
398888
664112
192471
661669
567784
385384
142655
565058
537532
568125
855914
650130
208931
120003
568531
508226
745999
532560
248084
569364
616965
954083
798104
632517
569925
126710
80724
946471
476465
570398
621519
67416
43943
493692
570813
219860
169774
296354
570218
571404
775091
238890
777870
911740
571844
195096
885521
756819
47463
572080
290477
495312
947150
448736
572534
165581
792381
356306
995061
573169
789663
731014
490625
813800
573605
814747
134049
514459
333583
574149
741170
943477
11928
18665
574464
851022
953204
291841
738852
574855
90366
531473
253085
105003
575629
976882
754755
388479
443251
576070
38256
319360
802959
739212
576652
912511
320389
244455
436720
576970
163197
837365
288913
984291
577706
805630
666640
424610
457476
578066
370972
16378
930111
105207
578624
369243
660554
787597
202868
579583
312378
325787
228091
770157
579881
668123
299544
53146
155143
580267
631718
99132
839095
346710
580901
245813
464350
383138
622690
581442
502428
948179
250291
348855
581823
646233
414079
215564
845269
582082
194969
368135
391179
665630
582324
330436
624479
477006
896068
583364
895752
671084
537034
388360
583810
252763
744315
263399
10245
584527
372139
558563
708414
536605
584924
522043
2528
147879
903716
585234
854877
903631
793188
648373
586155
784519
904458
225715
885022
586423
586485
731097
575223
252499
586667
93686
560244
541632
128724
587020
520972
248181
866619
777390
587456
981635
4726
786428
730824
587696
443634
510447
771682
501893
587996
319923
728381
705581
930117
588163
668598
865412
659362
784183
588330
514997
784916
835254
739788
588671
361529
781819
207823
628183
589262
414740
301485
494335
141751
589687
412978
537752
487599
538315
590418
581889
902911
578792
920098
590860
206075
291102
416178
328392
591759
144670
663584
42124
919286
592221
666758
44965
844852
66139
593093
374825
829350
700947
913451
593700
557176
109467
417714
666173
594089
49843
361905
957963
130215
594471
610750
516268
78808
439378
595305
420258
818041
947639
880849
595578
779336
349195
680988
197284
595931
704694
391033
880617
282485
596360
237251
467327
133512
112020
596952
669651
783669
871053
285555
597298
425001
362494
843398
826075
597875
896803
107360
261933
755528
598258
918294
769636
467342
810627
598666
612498
587554
87016
611807
599267
520569
977625
773214
174984
600001
942556
507107
865704
890592
600602
672873
631011
915283
787805
601296
299544
760986
810890
628402
601830
132727
6095
277824
390065
602554
549606
867069
381856
459305
603361
882646
278029
285654
87885
603800
553857
354951
203465
73471
604397
587761
792433
353107
677822
605404
350709
945008
364159
180877
605971
273826
37895
391519
721498
606311
150025
533003
599920
414157
606977
823981
474061
574409
336424
607378
500078
895573
590329
21091
607704
973568
856294
801323
377397
608069
519256
967240
769366
720977
608484
82618
230981
76528
480224
608851
3518
339717
310560
614063
609668
776002
152229
441424
189860
609930
59370
140040
640961
671971
610548
17104
289574
82164
488569
610865
796935
782668
716739
823138
611140
627623
68851
986716
348390
611805
742373
89847
776049
339969
612133
695628
688760
887459
15463
612396
910237
421772
796497
91020
612685
160404
230008
357643
568239
612928
117356
447535
780851
240978
613204
447246
506154
643816
378882
613562
770570
770016
798664
893583
614083
373348
591902
613306
938699
614222
401434
351148
431369
352445
614694
708947
889410
759817
102328
615446
798
694878
890589
104615
615710
752865
731841
168358
28716
616027
956038
722920
919029
481140
616392
18079
511629
37522
261073
616930
71389
703032
30476
583352
618412
730509
107363
498258
324628
619050
356714
835894
356621
248874
619588
212832
846578
214634
518687
620150
195568
103368
475291
395419
620510
655756
593505
587001
316993
620784
69329
350135
535419
476271
621408
77339
118975
379726
528729
622420
156381
462671
832086
128208
622734
746506
205821
111046
389883
622967
178872
690455
858737
901148
623401
801585
532147
35415
218187
624137
803340
248070
616202
898718
624900
541629
74098
142
131289
625359
208159
544749
135982
915193
625974
266133
801398
210578
371710
626608
186453
122807
72029
679920
627165
588068
453941
225414
978672
628122
6426
149340
971410
44329
628725
5810
916972
485959
920882
629162
413825
765740
576034
790081
629683
992512
100689
148786
54142
629761
34848
332279
901057
689452
630430
80039
33298
914726
944480
631176
992488
192168
990585
755351
631442
613205
674219
9903
986211
632204
604977
505710
665086
917212
632762
41140
780443
535589
714680
633122
519820
657127
293086
546144
633505
480309
358401
211056
540753
634245
615709
806547
115244
142788
634504
498857
146126
233723
897625
634780
182542
960058
411765
662009
635735
594075
181093
294640
259870
636197
466157
703053
841503
343669
636409
57481
253370
405360
177718
636749
542046
478936
108771
291213
637080
184691
656520
98910
378895
637580
211250
509049
604241
45722
638243
725727
999143
98871
960644
638449
651499
494521
717070
579314
639253
948279
277657
928093
587618
639870
769651
430620
58321
974178
640386
737147
800861
229554
702106
640572
907845
401020
245436
202744
641701
200379
932735
784561
957924
642125
796095
434500
283618
301330
642430
221090
538516
804467
540962
642670
76249
351951
779754
330263
643575
823688
677880
806702
81891
644151
189125
799469
438819
104739
644937
168751
932847
41245
940919
645366
470410
668673
344546
671738
646425
700209
826749
244292
452917
647007
985791
253133
89099
299341
647853
109590
801581
168343
175331
648257
280688
745409
723471
399479
648948
838689
562472
950400
534361
649766
103487
780326
761647
528937
650671
88016
603662
290537
945748
651117
574356
813141
985353
832401
652240
112084
377005
953802
35314
652947
640344
983448
317746
507097
653415
155510
759512
74657
371098
653667
585196
881654
120734
833755
654137
43039
631637
106302
357528
654779
394275
137333
300384
130142
655696
422677
884426
336069
596190
655859
31204
780571
114286
968210
656353
368755
894253
286891
171201
656696
58877
50670
397648
396585
657240
692973
505033
579653
821689
657789
246933
380880
915912
262547
658795
912844
312565
725457
204190
659377
195001
31004
969780
965262
659882
448019
609016
970502
302056
660706
865582
761423
277971
854978
661113
857957
727257
165798
41770
661651
935265
918181
293793
915460
662084
304813
842652
448158
661164
662564
732264
752268
830684
418866
663121
611283
972181
942563
430550
663649
349954
340060
292634
108042
663854
802603
144199
137772
602547
664334
533490
778724
244630
440742
664751
260122
816571
690765
637986
665555
150645
416765
300743
865930
665896
597245
682521
782857
965700
666105
207599
918714
297564
476189
666307
669723
331413
199477
885221
666914
689537
739673
179553
710779
667585
283872
625288
219298
744312
667945
92192
622704
681775
146265
668390
230245
498778
713456
193700
668680
233251
173149
338000
619637
669112
625518
14321
55608
974906
669606
1727
405397
165073
825553
670305
565327
680443
413529
457518
670634
250752
239864
41726
572007
671085
361530
518807
706358
319978
671866
31877
919910
667710
144043
672258
385535
43755
495361
506975
672549
507019
965966
367268
922329
673074
671674
302939
724184
819834
673641
309637
7229
850549
4042
673948
892392
895222
844024
97530
674161
387244
24519
943978
260852
674347
418644
360341
42986
258627
674748
644743
530898
91499
561649
675448
979509
342561
902135
325899
675771
952847
891949
551995
676065
676109
135166
449608
908672
330248
676505
209947
697967
878540
46969
677091
956456
663231
680155
769689
677765
845319
270358
217095
996960
677899
778334
534228
334622
21453
678058
540323
138252
391799
262200
678738
156139
430577
487766
662545
679657
79914
990685
79935
323650
680077
941387
338560
192332
597215
680557
107
633633
10240
834358
680858
954903
163470
772923
378974
681753
712937
420219
792835
629414
681895
176667
723707
159313
417405
682204
348695
940987
841237
602829
682766
868778
710604
77281
720709
683047
479383
735123
359493
908370
683528
789403
814608
237814
622069
683861
107382
81154
248443
858050
684389
649062
801497
260824
308990
684914
360360
113886
45004
27875
685253
936752
99929
708756
674326
685674
911945
347512
265155
931945
686438
771688
285929
732529
913373
687069
447614
979338
574125
699626
687631
95760
884106
447278
990191
688544
484439
145676
179303
869385
689160
103027
13238
749150
873459
689529
314225
840048
191521
998573
689953
385602
184088
186629
785945
690299
443472
18850
436922
145499
690632
382933
669983
761508
975175
690748
607222
287506
740393
223759
691596
762578
554792
807485
511222
692102
482081
781201
392342
569205
692835
973606
777056
97389
127211
693156
742717
699806
977349
307308
693508
721462
500703
698306
51716
693825
104941
122569
453252
865935
694763
45169
656915
882759
795313
694942
210691
290995
831847
136137
695304
857516
56017
545984
427471
695608
153843
215969
281024
905751
695892
351109
175218
247776
510672
696375
204891
992147
191311
528916
696987
996745
656235
340900
588658
697262
778153
948550
332759
899249
697747
859547
878161
491568
840400
698350
101749
505818
452362
977091
698968
243986
677977
346980
238972
699157
514260
115500
642563
70122
699743
642422
40542
104496
333713
700343
183277
926806
840929
308860
700808
655759
577263
108506
297725
701165
902474
248139
856136
535982
702076
172111
905376
89188
150181
702474
906913
993853
619298
514597
702685
151579
249661
497601
34595
703237
587920
248478
397317
814674
703778
102236
590006
798948
607461
704320
538817
832866
558781
977401
704881
841295
567522
774655
134898
705603
289315
210849
390598
864602
706204
677116
159257
763793
602180
706286
720043
349806
158867
446456
707259
217716
29459
271175
779734
707944
232810
374282
5538
240505
708187
193361
538508
839085
198875
708642
421494
905865
140204
480749
708961
406406
172557
853851
919656
709568
380861
810715
639500
298979
710402
631441
398418
282033
984606
710671
332687
76431
44648
310750
710911
946105
375208
927533
789347
711550
687778
843184
912958
206235
711984
555446
962518
295777
581935
712680
970996
826322
278973
235955
713254
415817
231094
82371
555713
713486
638952
826946
834699
801469
713662
131686
848278
910115
806669
713926
429379
865297
606011
142059
714293
829846
999065
507938
622579
714795
901206
535234
672502
959129
715544
323920
499965
373434
385446
716125
630820
919266
471465
229357
716483
870648
81008
844432
556702
716761
487989
429602
608765
308982
717201
540747
979324
732682
126144
717638
88046
850905
698725
290991
718051
668566
555038
331299
169655
718268
223913
787558
804950
193419
718631
864218
41600
934604
886337
718995
31820
936254
361009
867022
719308
606685
971709
711819
779125
719920
724244
662965
257855
437847
720333
457840
70693
263806
233767
720907
592122
369275
500779
989697
721504
513662
780466
243731
52138
721995
739109
24417
442649
478817
722747
214759
221368
439686
500023
723414
585435
465311
242901
192067
723661
886274
721949
448049
703760
724246
470362
866897
681081
271951
724550
207732
755166
29698
817135
725341
137443
671653
360800
725810
725659
96291
365277
997005
943224
725874
627169
472471
838275
186007
726824
990980
395166
288778
876970
727437
665562
259827
801328
749195
728094
210392
325299
432143
286209
728421
903226
414322
466122
901974
728871
849735
878081
688861
140570
729668
215875
627146
95777
251226
730481
136631
224314
676117
656317
730933
267526
290177
812827
574505
731694
462169
636753
997995
667995
732049
315611
165276
377294
865858
732424
375468
242094
259315
427243
732856
433189
117167
24920
148518
733113
529248
51826
839391
309764
733617
550005
308906
348124
838418
734164
332241
917678
943781
598394
734716
177696
531218
191823
944687
735204
884394
901420
985208
106721
735823
306794
55296
768977
343417
736565
424365
206462
836219
860078
736952
171224
280631
285309
868095
737239
768088
607071
849573
423873
737743
43711
458253
261276
12622
738223
199268
244584
805124
844687
739051
933852
367353
447051
948757
739227
787852
767236
741909
708400
739752
824237
638375
392995
66200
739899
529758
933124
927674
624668
740445
10761
955375
892209
41837
740838
780960
58590
427641
270614
741476
472603
720125
895690
62461
742181
480306
780527
477629
161118
742687
433751
742474
964366
418909
742873
86084
326220
153784
188516
743256
822546
471913
753447
611840
744044
930634
310957
956258
7340
744481
190095
579123
792828
3231
745512
498534
167012
712256
303807
746436
858189
90009
5030
287335
746619
456019
804442
952096
79197
747340
272148
512500
568347
566538
747699
95786
738175
615604
943419
747998
739145
773687
364547
63113
748915
992145
353182
637424
891199
749425
794738
660738
269015
284458
750699
504326
754274
753600
256277
751538
892003
207425
522344
521854
752295
720662
215349
256997
641724
753053
969215
978051
931323
149591
753506
572491
19295
295788
901078
754469
305952
393016
690748
366191
754934
315852
947873
59905
405849
755558
333130
262436
615758
357263
755884
124090
547400
836675
719799
756208
467433
965161
697486
318951
756619
736822
329766
315093
37779
757569
809970
186342
983212
815483
757817
356902
88437
443973
325034
757938
55993
231653
342381
851017
758825
797242
7901
18786
743224
759023
732312
720359
434870
128910
759450
917336
874633
111976
474409
759748
211811
168984
311692
465367
760090
690038
936069
194542
143376
760576
137059
217581
163766
685650
761120
84491
529483
731967
952402
761629
961457
32520
923479
178389
762351
134522
38676
965960
246141
763108
579746
368936
122428
410006
763427
669208
370760
27623
171360
763881
313143
103603
981985
455987
764327
718877
964313
232728
758916
764713
432644
81662
996450
20221
765057
20670
909753
97027
621843
765609
502427
891677
728587
947990
766175
98462
325648
877013
511066
766679
608088
264549
488971
675451
766962
588248
825326
759522
957917
768007
325319
908423
270105
149855
769034
11811
327802
862421
254189
769363
967220
282085
69576
200010
769684
600911
248426
548568
165772
769795
137860
37055
880362
674237
770118
773344
773701
448593
309707
770423
715949
795301
867095
204069
770653
388614
905279
635996
962043
771543
361615
311372
788783
70686
772027
597302
653596
613106
490775
772506
872062
852405
104029
828739
772904
789566
303096
576529
653600
773185
1609
268357
710549
46366
773631
291428
562432
918609
201067
773843
683465
819890
978111
113985
774493
303131
187161
856864
278887
774913
378733
311640
881727
620715
775380
435311
155237
581999
957595
776089
37950
239333
540573
608794
776871
868193
641854
761268
604990
777339
404784
348473
972271
445696
777611
763357
114749
230647
848828
777968
824847
210257
823426
284351
778305
462511
140047
769304
715720
778562
284203
747861
33903
647069
779081
225907
75866
559686
427935
779338
827760
681610
14020
853576
779855
527702
659525
756307
555738
780345
469379
392326
866793
507415
780536
633588
779864
183340
332416
780771
95969
297857
218434
393650
780994
618121
182848
490751
689393
781414
42498
425429
189140
709380
782044
405153
581076
174359
317346
782912
387544
895076
111853
744772
783488
60944
623165
927797
140020
783937
909266
287539
801240
417237
784900
753544
908947
782963
641884
785509
167278
480213
940537
805235
786083
364582
363746
211906
566076
786726
739333
300790
512609
802284
787214
550143
344422
666
868057
787574
427303
862422
152542
839956
787869
686527
334431
812068
314935
788246
543500
410507
189058
687164
788628
418134
608056
546654
349293
788761
901244
550453
135350
475033
789109
98156
97035
83134
204507
789373
584749
494882
898754
574470
789912
163809
387039
443474
317120
790153
494586
492237
272375
873225
790708
870354
788695
59195
874086
791646
911681
455092
853074
623714
792371
349775
604164
772826
137338
792810
166484
550616
948951
465452
793060
989247
683355
382041
223372
794018
692564
168247
531016
210370
794530
467091
376438
667176
700948
794792
930350
889747
569932
187720
795181
362142
642645
982392
751555
795584
58016
116014
760149
996618
796194
922028
208958
532657
938204
796930
43766
509304
146602
988612
797168
381397
687327
666735
381614
797665
18755
636353
160713
381651
798125
975337
185441
72298
276858
799061
127569
384439
373073
190368
799731
726348
24277
959138
6152
800198
280240
673871
904413
855476
801233
797674
543370
732630
135854
801422
863379
132360
765167
326176
801790
737039
849235
82228
640657
802560
14327
492233
618996
245211
802730
741978
489814
748025
645199
803082
7706
710713
244769
715891
803571
906789
8510
248474
359229
803749
178544
897816
178850
657304
804280
700368
892824
978458
969520
804568
950770
586041
886176
742887
804772
384948
140023
750634
769657
805311
915450
386763
564531
538902
805568
682665
378346
781563
946550
806335
705373
608131
264926
45245
806904
264135
252566
871472
426936
807827
712823
325138
953421
716482
808408
990780
645521
974820
239029
809108
667555
314975
557035
972638
809711
424177
419671
502906
216035
809953
822593
668508
885639
770556
810369
235189
848494
760139
146496
810879
715515
856731
205505
715974
811712
961279
748787
307280
903158
812203
737339
634802
255634
130842
812847
989821
723317
713608
11893
813589
75570
717300
49855
815304
813723
504949
401603
904688
571547
813967
305200
928701
766871
682143
814620
446709
211767
105130
693083
814786
138231
668976
250383
27695
815256
878877
235342
173629
473078
815782
766532
995809
216028
306182
816741
417786
514836
459814
238897
817375
865612
635282
597044
347477
817868
50775
979586
394709
940274
818145
830654
103040
898668
823277
818340
586326
684026
281362
888954
819031
868844
792547
887619
193692
819669
614476
438258
677549
579990
820137
436736
433483
876688
912258
820635
334142
118833
503066
843064
821202
962935
683827
853575
589704
821524
117471
110952
733667
748486
821720
871639
379195
166923
261541
822383
324749
50099
269159
906090
822611
124626
638296
83960
30636
822967
961300
231091
255366
813977
823639
754048
559995
978219
926657
824029
793584
578428
328839
790019
824628
884820
938831
855438
315970
825376
159836
652324
396645
739630
825982
766658
788766
491699
539652
826266
454995
83364
453428
683979
826597
152928
230865
623357
349135
826861
42799
231677
831584
706267
827416
463380
46905
307936
380199
828280
795100
863800
962454
472110
829146
360240
171880
950518
599425
829954
588901
796016
881747
932278
830361
302120
470104
430786
728518
830714
776270
935392
471909
769743
831277
550497
435218
14045
915823
831952
962558
457648
830
568034
832154
656129
8195
880740
253897
832735
566198
691675
969212
164157
833590
813308
91309
285173
422594
834049
538526
910241
312775
369991
834506
665000
693333
523988
526587
834792
652817
781579
179292
74543
835155
403918
850264
639683
855563
835406
683825
411139
146531
920695
835997
713636
643882
995849
180199
836521
201630
346303
343182
948457
837117
95281
975839
401767
522567
837484
39996
501786
542764
245340
838110
148552
581367
672342
8024
838307
610168
979963
609768
24743
838585
763559
583727
972476
675135
839010
360119
561278
324165
405623
839192
357887
216951
294308
430497
839442
653032
482741
162407
743340
839747
53516
107526
927123
315273
840200
623522
747971
97000
884775
840812
898710
33147
654877
80241
841096
40974
977622
946312
956950
841452
329388
265389
37444
892643
842081
156888
249105
107800
178701
842601
419071
344828
887257
392177
842987
68633
733424
745847
830133
843394
486270
505589
124421
54166
843656
430551
87861
183928
904080
844369
968696
673392
18336
937157
844716
314848
907501
252224
879681
845119
668819
13146
784565
451944
845397
528025
376246
286986
642168
845973
358307
720333
624647
35578
846622
633369
448739
293623
633442
846865
414864
26215
61675
28681
847628
554984
716495
796364
232182
848342
150131
501739
825701
906605
849078
301319
263760
167070
38162
849747
612923
44262
13512
605929
850183
63465
763409
210909
737363
850292
394510
104013
904553
819349
850852
971901
589608
197280
625090
851105
273772
509001
945367
892646
851565
611045
519885
429309
244385
852233
63194
476784
712731
613707
852879
415985
616045
964147
118359
853462
186990
599884
113664
621122
853830
182220
76137
782034
76762
854391
754772
432297
273354
40717
855198
205763
805263
699616
475497
855539
946165
419156
542872
960689
855850
77619
679379
939134
996609
856714
990563
426632
918370
928301
857065
991714
506777
729944
754910
857438
388318
637312
197234
368841
857923
852065
847901
588243
665573
858190
40703
165283
482126
59747
859001
464738
573297
292007
154461
859915
495135
808624
851841
85186
860206
371547
713941
104324
363982
860518
419545
710457
219901
449963
860848
56169
581787
382322
949690
861505
837674
931058
353824
690745
862265
943013
28170
404648
615450
862425
19189
160517
704463
438603
862799
903022
485667
546046
80813
863296
441675
530527
222451
94811
863860
435988
776966
714692
17121
864171
966097
686662
425914
153111
864681
114221
808958
401171
318756
865278
767982
923645
56702
560869
865402
761023
155746
439153
26768
865619
566080
430642
789259
107038
865926
42160
888362
46970
242875
866218
701826
564997
640233
262304
866624
822399
691917
685377
502262
867048
667787
214167
400904
449862
867242
18655
618022
207900
848047
867430
746755
247849
28263
96710
868046
850655
308919
946125
355220
868299
125932
651287
950034
136136
868733
131745
989124
178627
487121
869003
44605
482330
785708
89761
869505
794142
40121
932931
287849
870290
894268
825940
995132
547521
871005
366358
723614
326371
419020
871298
249866
738473
262079
406372
872040
923842
384969
961905
568170
872448
605517
438779
696651
556188
873165
74169
616510
193188
134157
873313
717425
103032
571574
554242
873582
753145
520206
591883
962687
874042
656421
419704
523556
471983
874423
815462
379522
271630
971575
874927
504001
325430
307643
237751
875427
846017
620718
797081
301765
876494
28460
375078
644221
206870
877570
545416
916075
855701
476765
878351
660008
212396
956867
331014
878758
404435
911325
498081
615585
879677
764391
756110
610910
59140
880058
886302
610471
405776
151056
880420
843133
426551
7807
232091
880816
352078
945566
159336
565535
881589
4879
30313
888028
219983
881933
878485
526128
502808
502398
882562
473887
135859
92639
692913
883090
584299
165170
620213
265846
884287
648019
915499
930924
294079
884555
151070
724966
561856
126892
884928
650380
788616
275049
837730
885361
451989
643486
842146
19619
885620
266454
489783
966198
176787
885963
227555
588925
241715
969992
886403
215884
166076
147731
780571
887506
921368
804028
172890
3929
887931
338569
90464
809233
279891
888770
154145
588114
705422
768448
889144
285198
564355
150603
100064
889533
190501
394104
773706
746553
890048
923836
919022
700480
650702
890483
963623
194068
48906
924893
891017
610341
72687
41498
125869
891371
168720
647888
26582
91415
891905
385181
165521
187856
35950
892329
636309
212376
723583
78285
892548
411376
404384
544632
246878
892846
137379
177164
586173
483759
893739
927387
228567
633472
653064
894048
587639
78471
125051
552582
894505
534652
237090
331262
588269
895342
68732
521225
442178
513146
895946
674062
499304
783247
175445
896329
772582
895577
726884
987654
896951
911106
520324
547183
201589
897823
423877
582391
71875
730618
898562
321045
574409
737161
997041
898784
789087
2886
848471
977071
899547
157895
106644
380652
830948
899837
702083
403878
444888
265202
900724
629449
327813
614088
219761
901113
450747
9878
881764
885741
901299
476090
348908
265602
860498
901838
279703
940092
132480
590816
902164
325463
52101
660825
174166
902548
76918
87617
347174
390181
903110
840761
83956
550180
612840
903638
238508
884515
12382
186099
904063
951100
499341
552771
240504
904413
713453
759436
171538
165834
904506
526099
918196
949876
208129
904973
116828
835709
161360
740212
905478
111819
479456
201834
441963
905679
529531
757904
416976
648775
905939
996198
8685
137090
182001
906632
269892
397421
642497
33370
906936
841044
54442
992188
774972
907576
864039
107159
582125
22022
908417
124131
303337
561682
558691
909138
668708
918502
418933
150183
909651
903096
805972
463396
445387
910227
978224
977455
145714
862086
910984
941527
620475
819262
809721
911364
540481
43675
23334
709660
911840
492432
872097
343580
597447
912261
94263
5232
948321
324678
912812
847279
502055
178254
776097
913398
674493
229520
442167
997961
913605
327474
3587
218525
43875
914292
895330
778063
677052
772460
914937
650156
901861
562179
574141
915360
426212
952710
174571
733891
915879
763463
12526
659491
542475
916208
455329
168799
54944
841600
916645
23469
524334
375038
159906
917073
876060
708083
394221
287235
917255
769160
851729
4004
328707
918031
939967
754615
778229
404401
918212
499500
456978
844067
862982
918585
172172
808004
535059
149568
918783
457141
97269
110477
76724
919121
707787
239393
486469
954701
919581
51264
708201
997550
108365
919873
318513
60157
834942
824991
920229
22884
414622
192083
601499
920930
656447
87592
994290
156509
921629
553582
352851
594225
942974
922195
473830
543637
383039
703531
922554
181239
865847
910391
608926
923482
2882
546313
791258
535073
923790
464307
94993
695204
993029
923958
571036
567799
999861
363060
924325
226164
249844
416074
615203
925475
272270
822903
451072
260873
926016
334482
969187
713294
994996
926448
658864
617734
746448
892100
926831
457456
965970
274125
53360
927327
713595
233586
365719
360212
927886
459234
469080
212871
510893
928081
160480
395828
377378
558083
928796
508847
190221
484410
792435
929504
89408
938690
710746
904087
930322
610854
400387
773039
871104
930726
41466
970018
860468
983074
931332
959687
683843
281319
951372
931688
506334
956021
184298
830164
932230
765023
316419
855744
261280
932542
370371
696842
87703
385589
932851
438778
569942
937257
285586
933254
434687
150651
844851
444427
933351
607462
178480
595475
672772
934393
251645
204846
931736
583874
934994
926946
55356
920375
328588
935887
621129
868775
712053
869057
936691
590158
485395
246632
284236
937133
475279
291205
145865
674356
937573
820094
463259
468022
677769
937992
634772
235141
734590
173600
938577
543857
923499
733458
884914
939100
394414
243176
774384
736060
939838
788550
473250
775867
141842
940200
97256
666054
799689
100590
940502
726997
693575
422757
200201
940946
690463
575174
23872
605135
941230
384044
932346
519003
501377
941404
483731
845433
769162
509663
941919
484552
686100
36225
431612
942451
719869
349802
295689
292146
942872
80020
686768
983174
166433
943322
197925
783836
628695
847235
943866
863521
41036
827142
852895
944592
780722
108154
730658
181250
945006
414723
868897
33402
259299
945368
523641
948044
70217
462337
946024
995883
768409
215906
366876
946346
473068
832072
363470
121927
947433
619317
552790
187177
119137
947848
215051
470223
662028
634580
948087
389945
59269
243868
753422
948364
358637
72453
911510
571421
948676
698749
969658
973081
824553
948889
931374
118185
530145
619520
949648
62658
426471
725826
309632
949927
850710
119258
125947
998327
950748
66576
102305
873780
772511
951235
997768
222353
451050
634495
951941
836379
675954
685684
711092
952517
456276
292959
689795
288010
952962
904238
921236
38273
714941
953409
657552
725430
409864
710381
953521
770071
34559
216091
253907
953894
846686
711637
913588
560061
954630
676582
52898
604465
31799
954863
916254
335777
23235
764683
955273
565722
927886
368588
587177
956021
949363
485268
180782
397003
956379
4566
950975
680271
358538
956965
157639
337635
652241
295810
957382
453926
659842
791835
626669
957868
688175
182909
250439
634286
958461
707584
476019
119128
246410
958775
679658
344600
823798
298475
959584
996217
939761
138063
943397
959957
978344
740627
629712
793028
960509
404208
718759
693830
532679
960911
128658
282958
404444
35745
961343
600169
912443
442797
937195
961501
974519
826726
161935
250139
961829
241882
725700
706481
884796
962289
296262
975681
155159
309983
962590
474988
369763
637732
803675
963867
604345
479752
926738
356395
964315
283630
181880
366260
673634
964795
226563
787346
723578
365527
965438
705813
384882
256231
446587
965701
454376
79222
94357
276254
966034
857484
432796
761466
291004
966454
420186
135937
711662
672225
966814
13418
283006
672182
977301
967306
636007
655599
364768
257039
968084
961380
905780
246234
270813
968492
810022
482765
73151
874934
969184
606872
354237
218117
821468
969348
860463
280233
216492
312424
969638
855286
922707
692542
698090
969961
921688
297441
435243
763987
970386
676506
590636
728451
39671
970750
514771
136622
664374
659652
971476
125809
671046
18583
611070
971727
305010
140247
295024
893747
972207
202194
615878
991399
973332
972839
4883
814327
802173
752016
973205
787102
805331
992200
30249
973794
421629
399756
79370
443307
974398
554241
252027
386228
876255
974853
666193
294698
843180
943933
975177
450598
599040
850186
299347
975630
243525
945012
991512
797548
976396
412413
265738
310844
629684
977070
123083
890401
379630
186416
977338
368842
80322
865312
716437
977622
432284
281206
354782
632820
977839
524493
794056
952902
756953
978221
255170
873287
942457
632793
978541
662285
415760
695094
276776
978712
983513
426795
184736
395616
979100
660954
57688
133321
510932
979489
255154
407179
966646
216862
979773
972428
434488
293865
204332
980307
718466
142179
77790
572375
981291
298035
114251
917064
357060
981931
972108
898204
955600
863492
982430
812174
718135
99912
33780
983307
63855
489451
595434
904487
983649
861040
572128
123508
727669
983806
854211
425700
865572
567069
984230
842557
958512
747950
555511
984523
442517
833950
958934
347330
985258
653445
294436
777611
203652
985902
749326
530772
207113
601973
986507
614386
100488
446912
153464
987650
858768
560558
44242
802739
987959
47854
695883
540404
865295
988859
181187
516560
399709
212668
989473
798195
956323
143402
844238
990074
234944
621964
731964
676150
990609
717621
771366
81047
756008
990884
790013
640174
831089
107142
991498
373437
411761
825542
152522
992055
266355
597967
701349
941969
992217
360769
899050
743256
347409
992529
13573
326495
273859
217244
993064
205714
264453
158549
95913
993584
421641
6086
464327
230384
994041
994110
219179
742736
697725
994628
756147
154553
682889
277973
994967
543374
229441
244856
896233
995375
818130
404098
495854
732922
995918
872265
720088
119555
612680
996496
911080
914270
181989
113587
996886
518892
379320
629536
991088
997314
525320
347028
401751
425787
997834
965733
413045
780774
204540
998220
730446
990872
211482
805919
998765
802423
321747
585392
633630
999311
776116
921949
323138
141372
