25
107
979966
281093
223948
644
666
623151
288649
666031
1353
1529
981805
994363
497000
1848
2123
568186
513662
308009
2829
2865
76244
893003
706945
3164
3231
178634
477448
254385
3837
3895
709526
367098
548111
4122
4150
154182
915023
704315
4659
4726
740128
742374
406406
4990
5030
527408
390661
836326
5245
5266
747563
551323
134636
5687
5705
657679
779336
429817
6008
6040
181893
612975
5227
732877
6152
729189
933025
133704
6527
6592
915962
870077
934725
7014
7229
545414
138237
127361
7752
7807
190501
628950
577959
8035
8057
64420
952299
829055
8310
8313
5890
693349
904835
8832
8958
87725
126258
25767
9336
9608
514771
399945
916003
9906
9991
376888
151248
369081
107382
10245
375434
325463
290523
10776
10835
684834
829846
372902
11518
11811
414657
238419
104023
12237
12382
611329
622791
449689
12735
13146
665000
246630
471885
13472
13512
563912
400125
26349
13809
13901
923884
246933
509804
14298
14321
274716
408166
563915
15065
15174
756465
22951
491305
15859
16054
492240
248147
279744
16615
16821
880419
622965
829854
17167
17234
582275
802622
492733
18003
18079
652817
47888
793315
18462
18583
785100
229895
10042
18783
18786
930660
809793
901543
19019
19054
128433
256351
579746
19371
19379
102345
247134
58125
19939
20159
608701
598164
112289
20581
20670
498534
631342
196952
21257
21405
926141
708317
643142
21756
22016
58877
366540
421649
22301
22660
987529
565996
483794
22953
23235
206717
980882
3518
23704
23765
586908
215884
862476
24143
24277
598221
131394
804750
24532
24604
132930
456019
317642
24880
24920
345629
434237
920201
25837
25849
436389
88988
212986
26112
26215
83612
656129
669782
26522
26582
683945
871934
873806
27104
27623
908395
184346
619317
28154
28170
883042
808633
208190
28642
28681
24776
362456
167310
29623
29698
750415
287256
347819
30179
30197
710254
200558
650801
30466
30476
976350
664243
853131
30939
31004
578411
350896
271387
31305
31676
29216
688510
537339
31917
31925
694211
964597
61657
32615
32922
467638
670409
203499
33256
33261
552218
917213
543892
33429
33697
25372
336504
150025
34099
34109
657735
114476
850685
34207
34293
610967
680447
650156
34630
34650
818725
902472
747623
35022
35214
961712
653082
232777
35361
35415
138887
431337
468039
35737
35745
266355
469985
466624
36097
36225
209314
8142
876060
36807
37055
830800
35498
371261
37502
37522
70236
627203
34176
37752
37779
204567
458066
93749
38098
38162
275182
716626
648547
38605
38676
4511
719850
732312
39249
39345
426920
597569
476570
39819
39996
109829
67964
711350
40510
40542
155510
867264
280819
40902
40974
821374
137478
337856
41367
41466
583203
116576
157819
41653
41726
44605
297916
690617
42018
42124
809993
196964
111551
42537
42799
295126
757011
167424
43179
43195
901039
498275
215208
43744
43755
345262
98610
68357
43878
43943
766658
248491
764997
44409
44572
247731
163809
607468
44884
44894
184433
859140
385904
45025
45043
88185
251522
195735
45529
45671
297107
969721
999212
46218
46366
376886
867475
968696
46871
46881
450594
514650
746506
47189
47209
229949
272148
402530
47574
47643
315611
614617
762900
48226
48270
187858
660954
682665
48690
48726
473173
177154
570739
49295
49532
81423
151063
30830
49689
49843
207357
353886
518755
50378
50527
241882
101448
596892
50806
50857
707633
220872
323024
51689
51716
266571
729457
679662
52130
52138
996217
138924
355978
52674
52874
927319
177938
682095
53038
53146
851370
684546
97132
53818
53821
390973
25939
464503
54246
54308
903924
112666
812003
54701
54906
246614
369141
275839
55067
55243
953862
33842
226164
55378
55497
361615
646156
435314
55852
55993
405371
148552
422293
56204
56345
697167
38256
245813
56674
56702
874997
610750
715949
56927
57204
962769
151685
642195
57639
57688
899495
274060
809482
58182
58185
297615
399056
313647
58393
58468
595460
681805
586908
58900
59140
38514
431732
764435
59579
59613
860111
909418
142853
59814
59905
486578
114344
233251
60809
60944
410123
319624
165581
61442
61586
536618
489085
941304
62240
62444
386389
465823
795100
62861
63044
156888
147096
453926
63219
63465
45009
584299
874145
63523
63855
353023
430304
360360
64021
64322
60326
834019
112666
64695
64855
790755
680610
727071
65145
65584
793773
925410
936993
66506
66576
89190
332317
106891
67340
67416
643248
143886
360684
67769
67805
220757
837021
297979
68017
68029
987915
429013
26297
68290
68328
358782
58016
269974
68615
68633
360119
166007
874275
69186
69329
497298
686710
529758
69381
69492
813308
289279
695678
69819
70002
870915
810271
84816
70404
70474
595815
188821
967803
70650
70686
918205
739456
610341
71502
71761
421494
722298
792829
72116
72199
247986
443081
127569
73138
73151
337549
948584
807310
73380
73471
405612
363468
451989
73910
73982
879357
483191
362231
74322
74332
305337
736274
382068
74931
75387
678665
717051
967929
75954
76046
49667
845288
344223
76268
76284
594252
614213
849877
76673
76724
546187
706265
765321
76923
76987
752865
801585
370816
77201
77281
108973
309637
281975
77642
77650
221576
982099
238065
78088
78246
595736
834889
716428
78546
78808
853703
160398
350760
79221
79222
260628
528668
674493
79665
79704
636098
236147
51264
80021
80039
21095
99424
232516
80509
80624
940772
672417
612200
80913
80998
255833
516880
318868
81174
81226
646801
546377
763357
81512
81662
517328
125780
302296
82350
82371
31877
83740
329972
82959
83134
203847
29855
546545
83339
83364
630086
827884
478548
83820
83956
74819
116828
206075
84666
84687
51043
248169
224833
84999
85121
608040
705873
846329
85400
85457
56845
77073
170913
85957
86024
247326
249866
634772
86366
86381
4566
813892
780177
86801
86923
445131
247823
441704
87311
87555
678339
160404
507859
87698
87703
437015
100753
244637
87869
87885
226563
197671
285277
88021
88046
127935
729385
864602
88219
88245
810715
837803
497130
88778
88781
930634
382612
634314
89177
89188
804489
430551
239424
89459
89700
863144
969193
116216
89978
90009
862793
320981
734973
90696
90751
778765
225907
971245
91370
91415
304813
177887
522043
91935
92192
27066
466019
695237
92600
92639
298035
368878
374866
93379
93436
983626
502645
917244
93989
94027
966262
456581
498428
94347
94348
254309
942556
322943
94789
94801
491104
855581
328410
95067
95281
680629
790555
478064
95666
95722
209970
32175
456283
95878
95913
380395
891199
95786
96751
97000
289315
958460
135446
97228
97256
931453
433682
694921
97453
97530
614074
286202
629750
98461
98462
433331
316494
540730
98865
98871
425847
463106
154753
99353
99369
73287
182741
73631
99665
99694
11489
833212
162824
100063
100064
467266
952407
377729
100592
100687
95561
63519
270453
101502
101544
999621
206475
393380
102266
102305
888855
413259
571953
102739
102989
820460
136398
577953
103306
103367
546747
163369
219796
103684
103791
832117
349868
116436
103982
104013
17104
119416
714103
104308
104324
185963
729986
978634
104632
104659
500942
6081
223913
105010
105078
99556
471543
276972
105562
105623
615709
357061
156928
105867
105930
218550
769293
212739
106328
106476
781025
405181
556324
106893
107038
905774
798902
984735
107214
107269
348168
868525
47854
107429
107526
20400
835212
773586
108068
108154
346737
174078
727628
108440
108506
440530
647397
73902
109050
109080
233890
929036
698185
109162
109250
584228
981930
916301
109608
109630
81378
976882
350312
110227
110324
77655
647142
616618
110934
110952
37864
359958
735816
111296
111326
492711
63946
742839
111578
111740
777778
528308
724851
111987
112020
671674
787554
912618
112518
112564
414857
722071
494747
113148
113369
777504
204993
245819
113730
113780
791290
458354
83657
113995
114221
917748
367638
570643
114441
114454
74169
55287
214389
114769
115027
800904
788139
656488
115522
115592
478434
891170
309296
116239
116315
857866
178872
622890
116610
116775
359119
869126
983513
117264
117356
403590
583677
875318
118012
118185
755788
588498
103487
118853
118975
773351
987671
761690
119288
119388
640550
173930
526585
119800
120003
111241
4622
814718
120257
120268
705410
718010
837674
121066
121142
286310
731971
280848
121833
121927
256174
821682
328808
122151
122428
201150
631382
730446
123014
123083
959312
250212
704651
123841
124045
385283
979666
112883
124289
124308
516073
615429
303131
124870
125051
171503
558217
33253
125833
125869
885562
675460
76249
126104
126144
524570
916262
821440
126818
126892
941718
461958
717116
127744
127842
501768
412413
424735
128360
128389
570184
145507
560258
128571
128658
285981
382515
384
129691
129849
625806
816591
259932
130673
130674
5282
656447
741311
130999
131088
143889
942983
738835
131631
131686
471063
87228
473277
132045
132073
929881
717425
796308
132559
132727
275477
63499
463411
133131
133321
733407
121164
974105
133553
133577
991466
285933
92903
134153
134157
86501
59370
962935
134505
134522
500288
919041
867133
134962
135166
713802
713358
43818
135543
135854
521023
480279
244827
135996
136029
327121
559738
951546
136274
136328
22877
36475
941207
136619
136622
713908
702371
178544
137051
137059
294844
107062
271358
137286
137311
692564
588273
930428
137413
137443
498337
989438
610854
137927
138063
888321
68253
846686
138240
138252
873033
948784
818799
138852
138874
463221
18000
644271
139049
139130
672873
489105
669723
139416
139470
778366
962027
484590
139957
140020
839374
446313
663704
140095
140128
983701
741850
737433
140905
140919
487149
299981
774806
141656
141713
242905
785434
778380
142012
142059
983763
571689
725950
142587
142629
419672
463380
809763
143021
143133
473294
162098
494535
143774
143813
198710
984347
969215
144141
144199
339739
301968
531223
145076
145182
596672
861001
588163
145480
145499
23847
70564
480200
145836
145865
628976
682043
488600
146395
146496
486183
681871
172610
146652
146793
549120
444318
812376
147194
147559
400641
649619
993143
147926
148102
401654
442517
16965
148580
148786
173149
333020
758656
149421
149568
868009
699611
990020
149849
149855
373247
531858
879816
150163
150166
334492
212237
369791
150565
150603
567751
435988
9163
150808
150834
6879
318891
89408
151107
151209
531058
31204
222081
151541
151579
445625
161011
845625
151869
151919
652754
210939
820716
152456
152522
697160
697600
273522
152864
152928
800852
436260
714047
153205
153429
268503
523720
188352
153857
153921
691131
942691
399267
154397
154461
76467
100300
904814
154638
154639
802782
782472
947834
155065
155143
241391
620663
212095
155305
155454
528906
208635
525582
156012
156061
473887
772996
794719
156297
156380
555767
788107
534652
156483
156509
679646
451466
737465
156702
156745
539988
230989
889140
157175
157639
78827
640478
961191
158248
158324
552614
706765
584679
158714
158867
812307
594087
954755
159309
159313
41545
161130
863983
159750
159766
612813
64391
51068
160099
160128
817187
766085
663345
160443
160480
410781
621297
940374
160772
160780
990818
494083
442117
161075
161098
979571
234141
362489
161270
161296
290412
778303
638296
161932
161935
219413
666270
876096
162274
162407
815996
350139
179440
162555
162712
410647
291802
507281
163100
163197
447420
764624
73208
163421
163470
542967
61877
827794
163714
163766
325319
892440
593507
164734
165048
737822
545416
500331
165213
165253
912207
429268
620085
165522
165565
492132
864130
587823
165829
165834
843538
486578
555287
166214
166390
446593
118343
619775
166696
166839
187975
490109
666192
167091
167122
298721
161224
942083
167453
168044
626594
885223
382933
168470
168720
894268
753145
644743
168972
168984
410542
818257
551704
169523
169626
923870
78545
409016
169937
170719
146936
494781
937352
171172
171201
685099
439582
526814
171451
171480
31189
267958
337444
171837
171880
200634
200196
835919
172116
172172
131859
476090
553650
172985
173046
984061
314319
882284
173289
173446
268433
497671
606204
173992
174053
221138
994018
656990
174313
174359
52446
997796
872395
175148
175218
834967
483186
516959
175490
175662
505131
865612
894339
176112
176196
491966
936121
938468
176884
176966
352501
150645
632947
177357
177696
625444
948765
212999
177720
177885
390689
105518
148990
178074
178254
428126
735368
877101
178603
178627
409831
361272
238205
178836
178850
886992
94263
761699
179080
179171
180606
162839
788972
179467
179553
371547
580159
779970
179750
179986
809663
299486
662285
180680
180767
328771
629757
462367
180939
181093
396084
709367
39696
181634
181880
365726
789301
284154
182023
182220
673936
772582
579722
182760
182848
499793
794142
976700
183113
183169
763559
83278
137860
183610
183684
717380
447156
811170
184129
184298
107864
661353
306096
184619
184665
526187
174662
417786
184777
185318
961388
433801
137379
185591
185655
304425
79631
387158
186033
186086
382524
223878
571036
186209
186283
300416
857516
378916
186470
186503
952847
291542
733678
186884
186897
448337
89918
892542
187072
187097
418577
189344
912871
187716
187720
540323
797916
787144
188001
188088
43070
581643
953357
188484
188516
655844
811257
461030
189042
189058
851456
946941
567751
189366
189637
838144
454390
541703
190132
190221
260801
613431
205494
190438
190495
743815
350563
675333
191097
191111
504542
383084
770991
191588
191637
354076
109888
142310
191931
191988
747593
808782
10366
192282
192332
201630
819423
122086
192997
193118
27826
734317
692430
193523
193692
835718
727585
620486
194341
194542
419219
560437
252581
195005
195096
719060
819944
675824
195626
195680
188463
419585
361620
196285
196419
757918
889968
62614
196678
196925
277151
636904
165103
197226
197234
40087
842475
448415
197312
197426
389171
515022
638952
198030
198183
360769
865218
137022
198522
198534
212485
867417
914239
198723
198875
219262
857380
834476
199415
199477
53516
94788
155058
199905
200010
685053
780722
642578
200356
200379
603625
162507
534552
200880
201042
941198
85191
411781
201346
201589
937871
738482
171348
201791
201834
462650
183258
460765
202232
202277
635344
84322
958481
203289
203465
354025
793584
954603
203723
203730
613441
823371
841095
204149
204190
594850
265233
356902
204476
204507
119527
975426
117595
204787
204846
549696
989821
522162
205030
205320
857357
994758
208594
205578
205714
93454
708185
529264
205918
205919
903012
979334
303492
206217
206235
525521
675489
219860
206664
206705
949432
385283
576721
207000
207113
576921
941055
976772
207689
207732
89118
394826
113531
207982
208031
106095
440971
741127
208197
208307
794054
903458
40817
208656
208931
69596
854151
693559
209217
209280
401777
513168
435064
209932
209947
39158
465197
968876
210295
210318
818339
309316
451863
210476
210578
780960
63491
560373
210907
210909
680820
308446
959631
211080
211250
756147
310802
818130
211841
211906
607211
877725
35777
212383
212396
389776
63194
385914
212781
212832
88071
315191
824400
213090
213457
474124
607093
636616
213860
213997
779577
746609
839128
214310
214359
690108
558037
636524
214538
214634
838447
154782
102236
215109
215121
576683
964696
55617
215751
215875
741170
659299
797765
215981
216028
395405
11323
541805
216110
216183
772210
530059
426324
216557
216862
704779
371871
783688
217017
217060
605662
577925
588942
217367
217454
340390
133535
521889
217650
217716
682716
808152
55653
218524
218525
955043
696039
130800
218617
218949
400518
388614
108237
219295
219298
522974
651499
519887
219682
219697
761105
71917
333684
219881
219901
925774
375075
479736
220620
220744
739153
686181
532865
221006
221090
49994
778766
134448
221406
221574
91836
579066
46156
222299
222353
938730
667187
36800
222606
222682
744120
470362
736933
223542
223759
312371
988796
925575
224076
224264
887876
841044
156546
224502
224563
295999
151307
623775
224891
224942
148855
210762
632384
225275
225379
375439
232810
892392
225643
225681
450184
25948
436736
225998
226032
681348
564397
848174
226687
227252
394328
45169
162427
227748
228091
537534
95646
222360
228755
229030
55022
334255
5810
229527
229554
752128
847181
160418
230011
230245
736716
586326
237323
230858
230865
575814
86100
833107
231045
231090
568948
929025
412914
231119
231646
23987
11915
16347
231886
232001
659277
156655
922794
232601
232725
186935
588987
586566
232854
233012
778153
924212
973568
233609
233723
545664
489605
747047
234274
234482
361166
838979
941865
234886
234944
78050
498926
7415
235061
235141
770208
337780
686165
235718
235955
63958
646999
838438
236452
236896
677857
821969
291188
237167
237236
141525
411635
760460
237567
237751
255170
762126
996261
238069
238142
693808
581669
361920
238428
238508
674426
344862
429159
238885
238890
904429
702571
392413
239146
239248
842679
195143
718546
239522
239619
327474
321978
553296
240076
240500
669598
978722
306211
240890
240978
432641
711539
779203
241630
241678
561673
965621
111398
241909
241915
316041
105714
225994
242308
242338
501258
964940
563908
242719
242875
94600
864946
626689
243040
243176
5639
589624
722420
243586
243643
834758
545826
159845
244079
244103
539965
586533
965621
244532
244575
751324
679318
351502
244757
244769
126103
560874
950352
245191
245192
18655
531883
123672
245569
245600
516158
150515
922028
245845
245920
350460
706280
311170
246261
246410
770058
960334
409201
246868
246878
65052
146047
866059
247417
247544
525265
955545
802423
247841
247849
928363
648604
596166
248096
248139
878610
156249
923611
248303
248371
615299
345766
230473
248472
248474
186201
231760
484027
248960
249105
53346
203067
668819
249488
249661
542557
523975
402131
249877
250052
600559
287144
901249
250234
250291
743394
957081
486309
250654
250752
236431
42283
424365
251055
251226
282459
567357
524150
251602
251645
104545
804596
637298
252327
252499
15779
653193
218551
252961
252969
196256
558693
602888
253385
253386
993904
804269
724381
254105
254111
342050
251744
555721
255118
255154
874027
766147
462272
255433
255634
501844
392551
513537
256191
256231
205982
756027
239802
256554
256873
179076
606249
264520
257574
257835
294544
672386
477952
258010
258012
404208
498150
771983
258754
258864
957584
911681
151749
259568
259616
157819
441964
468400
259962
260122
570670
712823
135425
260818
260824
463931
975337
461037
260965
261064
464113
805947
612437
261279
261280
867392
154553
317365
261883
261933
904330
260899
142343
262266
262304
886302
520889
401126
262931
263118
455017
172039
153843
263759
263760
310019
637648
608155
264162
264307
54330
482206
265064
264560
264734
162540
347948
57693
265112
265155
437932
344181
845829
265494
265587
24957
581381
227515
266051
266133
900705
33193
725497
266452
266454
689524
701826
604977
267324
267386
959628
169891
662918
267805
267852
693914
794930
48514
268399
268413
905298
611721
34900
268867
268920
409085
416174
475500
269443
269662
433270
196949
585091
270008
270105
416980
136631
598662
270530
270614
983748
120132
287277
270996
271175
319636
437901
590775
271712
271951
464025
171106
839821
272842
273104
814747
539990
731176
273785
273826
624861
347519
683007
274066
274125
980689
843619
673772
275127
275147
555928
88681
572878
275512
275584
797102
249397
477078
276081
276254
367796
163560
777437
276563
276769
935386
113843
225268
277014
277092
619407
152855
479894
277661
277747
508625
863239
504985
277999
278029
136270
224855
640270
279140
279675
822441
309998
317537
279865
279891
14227
521191
155245
280368
280467
240529
557176
562929
280700
280724
470801
459572
953878
280922
281024
762927
810955
117471
281296
281319
47246
598528
489131
281713
281886
628593
34110
216040
282251
282252
856343
919533
172111
282717
282958
165964
773344
508287
283812
283872
992778
674269
805538
284350
284351
315686
19723
176566
284978
285173
132441
726348
879268
285343
285469
955167
674075
906809
285748
285886
292827
884208
378033
286055
286150
719152
737962
958506
286238
286260
776116
148563
109960
286706
286759
8192
184122
149768
287224
287235
828043
867668
532268
287327
287335
257484
789339
179740
287562
287642
190728
47772
90366
288335
288347
109100
319639
68111
288548
288575
87891
359042
905648
288858
288913
186851
98076
924164
289320
289557
411295
199602
203550
289973
290041
418134
374903
982094
290433
290461
221862
321760
458814
290931
290991
403918
111819
326774
291131
291159
658436
214430
993350
291395
291428
853929
175732
220130
291955
291988
306838
901873
599063
292575
292634
677175
690088
743235
292990
293085
170808
422973
728458
293368
293492
788586
99302
209178
293874
294079
288400
351350
358709
294583
294640
123121
949897
895752
294888
295024
284203
159584
595248
295761
295777
676248
674138
871215
296039
296262
24473
276484
49623
297112
297441
137273
905498
35536
297795
297857
596342
920832
853011
298339
298475
207735
513671
258008
299036
299341
316700
382864
450598
299539
299544
603063
632426
220450
299785
299965
141304
185397
456832
300492
300743
339181
151758
739888
301244
301319
524808
242382
403206
301626
301765
854211
512115
873104
302027
302056
143700
467482
559132
302528
302773
874190
289173
484366
303176
303188
330986
16232
732824
303875
304017
67442
292863
440710
304670
304691
861094
937082
186849
305174
305200
817784
324347
951609
305901
305952
239837
593469
464738
306347
306726
476159
759166
414052
307180
307206
95343
496743
584604
307451
307643
614023
645318
566628
308120
308355
676743
493559
56018
308873
308906
504333
139760
571164
309122
309211
959687
387729
859196
309624
309632
723044
947805
502428
309855
309983
612923
401434
554513
310457
310560
338215
115921
808269
310941
310957
794681
650973
492403
311211
311228
964236
948279
46389
311431
311640
896550
84782
682911
312192
312201
550683
551572
786655
312535
312564
759706
858386
640894
313030
313117
299601
250795
293312
313943
313967
185888
54211
736168
314650
314848
776675
110815
203777
315018
315045
720198
587315
13573
315211
315273
860764
205376
386827
315840
315852
888445
610168
907053
316351
316419
760452
502879
630076
316837
316866
891504
860463
343980
317282
317346
130501
824350
414864
317551
317591
609819
236355
393516
317879
318165
20777
932531
995200
318329
318513
887661
700980
714515
318896
318951
69802
416969
883730
319428
319469
54428
565327
654556
319654
319838
957227
356842
653503
320535
320652
755637
168751
732253
321066
321125
402382
522678
305300
321811
321862
295295
60179
204334
322352
322763
578284
627288
967035
323599
323611
611045
14686
52629
324161
324165
455934
879802
70569
324409
324501
450853
890388
120419
324761
324933
826048
925963
517766
325194
325299
826180
693941
298814
325477
325566
499946
587662
544590
325952
326075
812174
813631
865353
326486
326495
145216
205940
830213
327332
327390
369955
147604
774117
327657
327794
159539
818118
750583
327917
328029
68503
121182
179622
328650
328707
330486
818291
444231
328893
329205
234661
511681
98789
329826
329846
389633
31820
821674
330251
330263
948980
802683
121997
330648
330796
838649
636776
344616
331025
331262
809551
636007
626342
331437
332045
266681
612181
341967
332363
332416
621364
227570
346482
332995
333007
841760
145230
470258
333311
333583
871639
317200
480306
333963
334082
426106
339108
487989
334307
334431
834701
906201
474541
334733
335070
832957
520437
776270
335938
336069
835200
414090
500005
336637
336876
233568
481530
595854
337585
337635
651896
67927
362633
338053
338163
302083
351060
455063
338475
338560
313143
550497
196099
339243
339364
454391
661809
805458
340033
340060
549940
971574
349954
340552
340719
38978
580559
7975
341029
341227
437250
934113
468504
342460
342503
51882
538526
860743
342755
343007
719858
350308
668123
343489
343568
37670
744956
361749
343875
343928
870665
884820
242674
344347
344422
338250
755212
432362
344656
344828
87886
895330
665615
345389
345541
518118
585196
807557
345932
346078
209663
250232
951814
346332
346404
200522
583908
555936
346588
346710
141911
554180
549462
347155
347174
57493
201656
511932
347496
347512
32410
550921
369527
348084
348124
139296
663708
249187
348540
348651
862202
960271
60948
349038
349135
198354
630533
642014
349720
349775
410942
330493
623820
349909
349929
969879
248430
415623
350242
350283
6231
821026
44591
350368
350455
179705
566080
199366
350624
350709
120593
797120
595467
350979
351006
17801
94257
66313
351300
351309
945628
702551
369121
351544
351544
871131
495256
616199
352169
352231
822593
539526
584749
352695
352851
842704
3049
177710
353346
353501
857854
785807
414185
353931
354023
219290
528460
267885
354244
354258
596782
664592
725727
355435
355647
332925
419545
496761
356323
356395
846830
425001
507019
356789
356825
803210
802640
636309
357025
357060
633396
967943
589523
357349
357365
133828
674556
87732
357956
358096
528447
37103
879820
358581
358637
301472
474942
799892
358975
359024
591463
548737
750787
359332
359493
109513
353654
391982
360154
360212
532926
455203
923317
360474
360482
618121
361087
586249
360982
361009
433189
162006
598399
361308
361529
109087
270802
984069
361714
361746
464307
149835
907180
362002
362028
222859
914813
758554
362272
362435
190223
281471
407173
362517
362610
565722
731400
315064
363168
363234
973142
813644
555282
363736
363746
750816
421641
903813
364540
364547
713748
785902
794738
365499
365527
199557
468671
954849
366224
366260
937727
71268
128240
366547
366557
419753
238598
507151
366979
367087
114504
980760
405191
367511
367539
529673
88636
176082
368052
368135
612093
766890
572436
368813
368835
700493
367758
787097
368927
368936
474441
485813
147001
369182
369229
923594
781224
873459
369689
369763
366949
138735
636387
370158
370371
601629
234872
317521
370947
370972
705762
539309
85372
371646
371710
241300
250453
10302
372509
372578
588068
397793
691078
373258
373348
528186
93686
392092
374023
374114
647263
904238
969082
374435
374644
703966
197598
316786
374953
375033
49006
139728
898261
375194
375208
208319
690565
766906
375802
375986
542395
40703
350937
376198
376246
154145
34150
52494
376960
377005
524493
631718
37603
377254
377294
250815
188879
580388
377815
377891
314225
797578
73299
378071
378346
416426
655756
471436
378755
378882
691804
942105
315555
378964
378974
419501
721462
494122
379414
379522
422632
708087
258027
380163
380199
908405
882688
184674
380458
380652
554263
668314
916994
381243
381397
152776
488617
889964
381834
381856
18981
977592
934189
382414
382501
994145
607462
919866
382630
382693
655759
660018
519170
383013
383039
957093
700209
702415
383353
383561
342620
178773
611850
383997
384023
308074
961723
377232
384641
384760
379322
177279
767438
385110
385181
735079
786569
352078
385420
385441
320718
664129
927910
385600
385602
21608
217601
54986
386040
386228
377034
58277
402333
386564
386686
592722
397516
363679
386841
386900
398523
545730
956714
387372
387544
468784
342640
821991
388292
388318
478979
420186
474558
388732
388815
848898
288406
404887
389475
389535
221161
813874
599068
389864
389883
117471
57481
761012
390258
390417
313873
667839
841295
390705
390937
914771
764271
576494
391232
391430
869809
898295
809933
391909
391941
940398
600780
53003
392280
392326
139375
50775
998213
392762
392887
590158
56428
690672
393238
393246
337568
909512
108188
393409
393473
179006
312378
634589
393775
394100
75570
994827
541037
394271
394275
986849
873272
396736
394552
394709
469015
917775
288398
395168
395194
600351
75862
216477
395691
395758
138170
30122
493632
396384
396490
966264
361530
93305
396775
396861
24762
210392
397189
397311
397317
670448
774980
484834
397583
397600
224443
270931
285198
398038
398225
414224
491643
120161
398595
398635
587920
826330
407304
399201
399231
725628
508413
512727
399695
399709
26284
190824
671061
400177
400281
198918
668566
775361
400773
400904
926203
386347
82696
401332
401401
214127
691271
969527
401740
401751
208952
3415
788143
402212
402303
553844
677629
103945
402648
403089
145220
68779
766532
403865
403878
496126
945618
815128
404213
404384
333129
356994
421930
404445
404648
414740
742838
695137
405127
405153
773134
603542
243986
405311
405355
104131
512379
866507
405470
405509
740649
815137
97304
405660
405776
468476
896161
676147
406201
406220
874688
462562
334142
406819
407172
311199
640549
324198
407334
407819
550258
519875
984449
408645
408920
30228
6951
960894
409448
409621
92234
964382
987518
409926
410006
794987
215051
76898
410263
410464
972981
355932
242362
410766
410777
587981
201884
172014
410980
411019
893811
953488
914251
411369
411376
483076
241994
821060
411737
411761
852439
238351
684613
412431
412764
173122
766063
160746
413009
413045
414448
116574
477743
413685
413825
567159
710893
448122
414130
414157
822128
152077
308661
414312
414322
311010
591256
77339
414708
414723
764100
879430
866896
414928
414984
771173
49170
237127
415727
415760
124843
826396
182897
416095
416149
453379
445188
869968
416205
416293
234858
330202
746281
416716
416765
61420
831657
479383
417016
417101
220986
9159
98730
417533
417714
115097
844419
83310
418609
418644
132768
362671
527216
419006
419020
311418
99553
301840
419355
419444
9255
639140
864523
419615
419671
929274
417188
789663
419793
419910
582182
547499
410195
420297
420700
71389
669208
941612
421579
421629
940177
68371
615931
421786
421903
122629
338410
880385
422341
422594
881321
364582
903746
422651
422677
665537
158604
459163
423498
423761
899806
485470
235189
423899
424064
466847
716604
289773
424520
424521
926753
10245
770071
424842
425001
803385
478115
399606
425345
425429
266308
391464
198334
425746
425787
336204
764886
31100
426160
426212
912511
601626
635315
426557
426632
885180
397171
574779
427233
427243
837385
881402
19511
427502
427641
450749
389266
130821
428460
428992
893774
343435
788692
429260
429265
67899
679799
245173
429455
429602
438347
223470
128541
430325
430497
918396
472667
889338
430601
430620
444873
554250
457141
430870
430874
43711
591731
881946
431605
431612
638677
416558
919372
432164
432284
448732
783030
514489
432527
432574
590667
350523
756352
432871
433110
200029
506485
611288
433350
433483
266316
156987
477823
434052
434213
943013
491170
994746
434576
434687
293133
56169
702656
435124
435218
280866
34848
276538
435396
435407
106311
547914
413307
435990
436043
977839
924300
309311
436504
436720
184496
206844
899735
436953
436969
890634
201087
944779
437661
437847
790412
275622
697157
438087
438087
424261
332241
927940
438621
438778
319332
698865
695444
439063
439153
335788
725327
77474
440018
440029
546973
262848
529197
440712
440742
700157
707845
56782
441402
441424
56615
664693
582646
441913
441963
225242
39186
787852
442159
442167
601139
654033
228337
442723
442797
730239
857435
434957
443317
443432
124157
184691
356606
443818
443904
310336
446234
600209
444142
444161
693237
547777
708905
444746
444808
416188
569911
416608
444913
444971
802311
585619
991528
445431
445558
813071
435455
556421
446021
446167
201748
242962
90357
446355
446456
57422
351109
9795
446668
446709
438893
6790
205027
447209
447246
625120
488202
788727
447542
447614
601565
499285
280490
448152
448158
792042
633978
83291
448554
448593
695685
754048
933852
449036
449443
893914
81317
333943
449917
449963
56538
513175
352260
450340
450402
345674
766679
238632
450645
450747
803662
721942
261999
451053
451067
559399
866113
441146
451514
451637
231115
804682
949912
452262
452362
36476
678597
701814
453088
453167
273772
569059
109107
453548
453642
13418
720662
868710
454168
454208
351354
850108
348695
454914
454920
286701
294652
404792
455065
455092
525416
974420
153932
455480
455547
255329
139354
473117
456031
456255
884394
654705
803016
456585
456783
997292
541629
920175
457362
457456
196470
575028
723825
457709
457762
860639
448019
407906
458067
458172
398371
267648
689606
458834
459037
156139
708947
204204
459548
459554
759690
987935
30597
460077
460614
715308
446589
454376
461226
461721
48274
513828
997607
462123
462129
585040
324382
245645
462277
462288
916345
795691
630820
462479
462511
436419
450422
234977
462862
463044
654556
258977
433751
463274
463376
289709
606520
111223
463560
463699
163327
87104
503057
464033
464054
910466
504400
837379
464312
464327
445562
378658
488175
464923
465179
699152
249736
718466
465418
465452
139684
559575
936310
466119
466122
237251
86617
91044
467030
467091
174192
301840
421519
467430
467433
919732
746897
519110
467942
467963
973894
65063
130
468425
468458
586552
264807
820598
468679
468727
78825
608480
58727
469362
469379
371789
266480
928008
470038
470104
74298
378690
408057
470402
470410
530184
758974
40369
471128
471385
277629
319291
156138
471786
471816
814950
327531
154594
471950
471983
728301
464100
58347
472597
472603
778533
415560
922444
472967
473068
415534
606221
699148
473208
473250
568040
10761
162200
473354
473830
875159
728331
567124
474348
474409
461881
263522
77126
474678
474689
366892
4834
626577
475221
475279
255982
272270
383764
475687
475770
569811
979099
79354
476109
476130
163315
515301
868844
476299
476465
563457
710622
463716
476844
477006
372139
609771
13349
477469
477507
373515
577250
721016
477861
477915
84825
334482
156604
478126
478156
466157
196582
485659
478860
478936
849735
689857
186174
479557
479642
952917
713000
330826
479905
479957
432644
362183
138903
480232
480250
85762
726704
436766
480415
480749
579910
222386
756525
482069
482081
836700
531559
640692
482379
482392
922407
759240
134502
483015
483074
198596
136418
176667
483289
483386
156402
492442
304735
483684
483731
511864
59738
484439
484112
484287
470969
487037
126377
484535
484552
497146
280211
149917
484992
485268
292332
422244
691765
485475
485601
66940
701896
969541
485823
485959
138231
712436
225136
486368
486393
168760
663704
238849
486623
487027
105638
279678
333130
487414
487444
770653
822939
749326
487730
487766
961806
195502
476024
488327
488530
510551
362142
939967
488763
488971
817776
921250
153000
489202
489352
125156
612307
700037
489784
489814
213722
196452
188447
490486
490625
326784
594075
243194
490859
491060
18354
284906
910055
491311
491462
216920
396324
937023
491901
491960
988424
432418
192714
492163
492233
660234
216447
492072
492421
492432
129602
815514
217217
493490
493555
739771
357136
411691
493857
493951
567961
754772
103962
494218
494259
13537
820591
648152
494560
494586
423189
131726
735487
494927
495135
261689
527476
315874
495329
495361
717966
532216
314983
496314
496478
539129
108509
202181
497003
497014
505666
757774
991714
497310
497470
249343
225592
394197
497778
497864
7706
868473
164682
498208
498227
29801
406038
344890
498338
498380
88050
633099
237064
498736
498756
15247
968349
563463
498992
499171
872265
169378
734577
499354
499359
776002
737147
495307
499958
499965
695566
317711
905513
500059
500078
673290
842871
574146
500768
500779
100038
613135
137078
501734
501739
926281
214759
777156
501878
501893
780890
231022
425468
502354
502377
111490
70496
483517
502506
502528
346431
800089
97843
502900
502906
18397
11093
687580
503332
503386
845019
431938
695513
504345
504369
429685
922552
73885
504821
504949
984482
410046
325182
505213
505376
941306
204544
312143
505771
505818
398888
702878
950800
506521
506577
343734
933348
80239
507041
507062
614176
604345
95760
507164
507203
428383
757811
759913
507439
507742
281288
532733
683374
508208
508226
209496
175421
829412
508822
508847
909813
620404
718764
509229
509304
683465
827314
17789
510165
510277
799249
986079
125809
510679
510893
817102
839589
287518
511599
511629
364378
155691
8731
511941
512085
966525
533628
388273
512403
512500
412867
253841
437017
512842
513075
102675
649384
314006
513215
513269
889426
188905
191805
513591
513650
6509
85841
144488
514049
514260
12590
931328
378000
514519
514597
237462
650742
156437
514937
514997
549262
22092
891753
515415
515569
484775
985578
610778
516397
516560
649278
250842
19363
517083
517103
759930
896102
595201
517799
517872
210061
35291
224574
518692
518720
790369
898710
450297
518916
519003
282547
800127
47253
519436
519820
375989
911106
616804
520202
520206
862622
553582
703442
520748
520774
520972
977823
406809
521148
521150
331335
503047
880727
521807
521843
288695
960219
572921
522052
522113
718433
498693
894312
522422
522549
43039
161468
670432
523218
523444
599200
192504
797242
523800
523890
383832
986469
384044
524170
524334
900178
550219
228438
524949
525154
627623
571213
225500
525465
525514
386531
460021
14327
525949
526099
970277
359819
658120
526540
526554
515165
121271
913562
526903
526944
158491
378034
554844
527677
527701
214999
191785
103027
528208
528244
863267
873517
132953
528466
528544
762974
921368
938381
528759
528873
299712
458040
487481
529012
529052
852065
574738
366403
529325
529483
939425
452420
414264
529859
529940
785336
521345
377076
530396
530464
138465
838186
700707
530976
531016
787102
719276
219539
531376
531473
374825
696156
939658
531929
532081
128494
178054
500025
532554
532560
199672
553857
810022
532739
532780
577429
181187
516753
533069
533106
425111
593921
307281
533972
534228
899665
966797
152987
534722
535002
822897
50740
437934
535300
535338
193984
537749
301195
536166
536198
169369
644016
522131
536718
536805
34403
224443
898297
537045
537142
770311
398888
565092
537664
537729
843425
540481
817649
538475
538494
69376
385735
699130
538551
538817
685130
327863
639460
539312
539407
487498
94246
198422
539863
539882
529248
896803
724443
540058
540063
533490
687344
455317
540494
540573
34686
830654
823688
540780
540962
863521
213792
198660
541299
541336
304256
169181
970513
541785
541804
758894
932081
646081
542215
542372
386730
992512
441687
542567
542710
346204
933324
299419
543292
543353
87682
159058
318177
543585
543620
497612
977289
430738
543929
544232
35775
813700
105639
544758
544864
80787
454995
999710
545516
545620
993378
211042
340948
545977
545984
376084
838689
552201
546223
546313
508907
264135
932369
546548
546654
411278
851181
187504
547246
547393
358726
217605
900039
547572
547768
513475
35315
238053
548321
548415
970557
586244
931869
548737
549037
954767
893348
406148
549463
549606
125932
853767
594264
550116
550128
403396
267478
448271
550227
550247
588409
305459
322315
550540
550559
213790
357887
880737
550939
551297
685534
668211
692919
551894
551910
124626
368464
349342
552337
552582
737080
841816
828447
553030
553296
767791
897091
472440
553674
553727
874846
743417
138585
554237
554241
787715
410921
841328
554419
554501
190243
311332
302120
554882
554984
469881
546413
483486
555420
555446
257930
69379
151341
555725
555738
992678
996869
972428
555998
556188
431418
264140
783173
556766
556852
763249
841273
163539
558064
558083
194841
214457
953432
558444
558472
280240
502015
397872
558761
558781
629027
533511
122040
559476
559513
422630
102227
748326
559859
559861
934859
696436
323927
560079
560244
978672
427432
772664
560462
560558
714084
273884
954959
561557
561559
335304
490305
64423
561767
561856
594289
422612
771688
562810
562898
370603
846421
747062
563820
563896
378906
677965
937817
564209
564240
424692
957565
733007
564586
564720
163505
210474
274330
565232
565296
28245
792342
103951
565746
565850
805390
832709
358307
566173
566198
49602
840464
159288
567049
567069
881992
718207
854862
567481
567518
664112
192471
935265
567784
567799
142655
565058
537532
568125
568170
650130
241257
558275
568531
568556
745999
688955
248084
569364
569459
954083
798104
632517
569925
569932
80724
2197
683023
570398
570455
440462
979029
493692
570813
570820
169774
296354
570218
571404
571421
861819
777870
911740
571844
571865
885521
756819
47463
572080
572128
495312
947150
448736
572534
572792
462270
356306
995061
573169
573216
267526
666022
813800
573605
573923
134049
514459
520569
574149
574356
943477
11928
18665
574464
574470
953204
291841
738852
574855
574891
631652
253085
105003
575629
575808
754755
388479
443251
576070
576174
319360
802959
739212
576652
576653
320389
244455
618910
576970
577024
837365
144809
842557
577706
577843
666640
424610
457476
578066
578105
16378
930111
105207
578624
578792
660554
427303
202868
579583
579619
325787
4883
770157
579881
579901
541110
383247
777890
580267
580340
99132
839095
381646
580901
580912
464350
383138
622690
581442
581607
948179
197240
348855
581823
581889
414079
215564
845269
582082
582125
92483
391179
665630
582324
582391
803340
541250
674062
583364
583373
671084
537034
388360
583810
583874
744315
263399
10245
584527
584539
558563
708414
536605
584924
584959
2528
147879
978426
585234
585392
903631
989247
280688
586155
586173
904458
225715
650380
586423
586485
731097
575223
976110
586667
586869
694852
541632
128724
587020
587114
248181
866619
404784
587456
587554
592937
786428
730824
587696
587761
510447
771682
504691
587996
588009
728381
705581
930117
588163
588243
761023
659362
909266
588330
588373
572491
835254
739788
588671
588901
781819
207823
6426
589262
589303
301485
494335
141751
589687
589704
537752
487599
538315
590418
590636
76918
369243
920098
590860
591188
291102
416178
328392
591759
591883
663584
581896
919286
592221
592606
44965
844852
66139
593093
593406
360240
700947
913451
593700
593825
109467
89252
207599
594089
594225
361905
957963
130215
594471
594768
516268
350306
439378
595305
595434
818041
947639
880849
595578
595636
349195
455329
197284
595931
596075
391033
843133
282485
596360
596392
467327
133512
573042
596952
597044
783669
366358
285555
597298
597302
362494
486270
826075
597875
597929
107360
485286
755528
598258
598394
769636
467342
810627
598666
599040
981635
87016
742373
599267
599288
977625
1609
174984
600001
600169
507107
865704
890592
600602
600616
631011
915283
787805
601296
601499
918756
715515
628402
601830
601973
6095
277824
390065
602554
602713
667787
962558
459305
603361
603481
284553
285654
56709
603800
603989
354951
752515
120206
604397
604465
792433
353107
677822
605404
605456
804210
364159
180877
605971
606011
37895
391519
721498
606311
606455
533003
599920
112472
606977
607071
474061
574409
336424
607378
607390
68732
590329
21091
607704
607787
856294
801323
377397
608069
608088
967240
967220
592122
608484
608615
230981
76528
480224
608851
608886
339717
592812
614063
609668
609716
152229
906913
189860
609930
610086
140040
640961
671971
610548
610641
289574
82164
488569
610865
610910
782668
716739
961300
611140
611283
68851
614386
348390
611805
611807
89847
776049
339969
612133
612176
688760
887459
15463
612396
612437
421772
796497
91020
612685
612686
230008
357643
568239
612928
612954
447535
780851
340169
613204
613205
506154
643816
698749
613562
613707
770016
798664
893583
614083
614088
591902
613306
938699
614222
614231
351148
431369
352445
614694
614965
889410
759817
102328
615446
615450
694878
963623
104615
615710
615747
462169
168358
28716
616027
616045
722920
919029
481140
616392
616399
644890
379730
261073
616930
616965
703032
765314
583352
618412
618616
107363
498258
324628
619050
619298
835894
356621
248874
619588
619637
846578
286196
518687
620150
620213
103368
475291
395419
620510
620570
593505
587001
316993
620784
621122
350135
535419
476271
621408
621519
234954
379726
528729
622420
622517
462671
832086
128208
622734
622779
205821
111046
867112
622967
623062
443472
858737
287260
623401
623522
532147
269320
218187
624137
624479
248070
616202
898718
624900
625043
74098
142
131289
625359
625361
544749
135982
915193
625974
626318
801398
507341
765239
626608
626669
122807
72029
679920
627165
627169
453941
225414
978672
628122
628183
149340
971410
44329
628725
628791
916972
136595
920882
629162
629187
502427
576034
790081
629683
629684
100689
509516
54142
629761
630074
332279
901057
689452
630430
630445
33298
914726
944480
631176
631219
192168
990585
755351
631442
631637
387244
9903
986211
632204
632225
505710
665086
917212
632762
632793
780443
535589
714680
633122
633369
657127
293086
546144
633505
633588
358401
211056
540753
634245
634279
806547
115244
142788
634504
634561
146126
25877
897625
634780
634802
978344
411765
662009
635735
635817
275368
874912
259870
636197
636210
703053
329388
343669
636409
636433
253370
405360
177718
636749
636753
640344
108771
291213
637080
637261
656520
98910
378895
637580
637637
509049
604241
45722
638243
638248
999143
381106
960644
638449
638615
494521
717070
579314
639253
639325
277657
453957
587618
639870
640174
968229
58321
974178
640386
640415
800861
23469
702106
640572
640657
401020
245436
202744
641701
641724
932735
784561
957924
642125
642168
434500
283618
301330
642430
642497
538516
804467
211811
642670
643078
351951
779754
67674
643575
643638
677880
806702
81891
644151
644221
799469
438819
104739
644937
645105
932847
41245
940919
645366
645521
668673
344546
671738
646425
646537
826749
244292
452917
647007
647069
253133
89099
334089
647853
647888
801581
168343
175331
648257
648373
745409
585435
399479
648948
649062
562472
950400
534361
649766
649917
780326
961457
528937
650671
650702
603662
290537
945748
651117
651274
813141
985353
832401
652240
652241
204891
953802
35314
652947
653032
983448
317746
507097
653415
653445
63133
74657
371098
653667
653756
4879
120734
833755
654137
654495
235029
106302
357528
654779
654877
137333
300384
130142
655696
655700
884426
558442
596190
655859
655892
480309
114286
968210
656353
656421
587639
286891
769732
656696
656724
50670
397648
396585
657240
657304
505033
579653
821689
657789
658019
380880
763463
262547
658795
658864
312565
725457
37131
659377
659491
573471
969780
965262
659882
660008
609016
970502
389000
660706
660738
761423
277971
854978
661113
661121
727257
165798
41770
661651
661669
918181
293793
915460
662084
662198
419071
243382
661164
662564
662608
752268
830684
418866
663121
663192
972181
942563
430550
663649
663689
346316
214228
108042
663854
663989
85496
137772
602547
664334
664343
778724
244630
878531
664751
664938
816571
607222
637986
665555
665562
591936
625518
42160
665896
665998
682521
782857
965700
666105
666173
918714
297564
476189
666307
666526
331413
710214
885221
666914
667143
739673
496116
710779
667585
667658
625288
5728
744312
667945
667995
622704
712937
146265
668390
668508
498778
713456
193700
668680
668708
173149
338000
450299
669112
669184
270481
55608
666193
669606
669651
405397
165073
825553
670305
670338
680443
413529
457518
670634
670866
239864
22290
572007
671085
671150
518807
724244
319978
671866
671925
736822
667710
144043
672258
672342
971969
675395
506975
672549
672648
965966
367268
944945
673074
673239
302939
724184
614476
673641
673702
63906
394510
4042
673948
674050
895222
844024
462029
674161
674219
24519
943978
260852
674347
674356
360341
42986
258627
674748
675110
530898
91499
561649
675448
675448
342561
902135
325899
675771
675817
980282
551995
676065
676109
676117
449608
908672
330248
676505
676506
859547
878540
46969
677091
677116
663231
941387
600911
677765
677769
270358
217095
518892
677899
677937
442046
334622
21453
678058
678326
171664
391799
262200
678738
678763
430577
287732
662545
679657
679658
717621
79935
323650
680077
680155
311971
86637
597215
680557
680584
633633
10240
834358
680858
680988
92957
789566
19189
681753
681775
420219
792835
629414
681895
681953
886274
180188
417405
682204
682276
690463
481033
602829
682766
682889
710604
850997
720709
683047
683212
735123
189763
908370
683528
683670
814608
237814
622069
683861
683867
81154
248443
858050
684389
684397
801497
65106
308990
684914
684972
113886
45004
27875
685253
685325
99929
708756
674326
685674
685684
703934
528687
931945
686438
686527
285929
375468
913373
687069
687164
979338
574125
699626
687631
687778
884106
447278
990191
688544
688623
145676
179303
869385
689160
689194
13238
749150
873459
689529
689537
840048
191521
998573
689953
690019
184088
186629
785945
690299
690455
18850
436922
319923
690632
690638
669983
761508
975175
690748
690765
287506
740393
698884
691596
691675
554792
807485
511222
692102
692420
781201
392342
569205
692835
692913
777056
97389
127211
693156
693175
642422
368842
307308
693508
693549
500703
698306
318321
693825
693830
122569
453252
865935
694763
694838
656915
882759
795313
694942
695094
290995
831847
136137
695304
695416
56017
860122
427471
695608
695628
215969
655410
529531
695892
696022
890768
247776
510672
696375
696422
992147
191311
528916
696987
697106
656235
340900
588658
697262
697301
948550
332759
899249
697747
697967
878161
491568
840400
698350
698725
820094
646789
977091
698968
699076
677977
346980
238972
699157
699399
115500
642563
70122
699743
699806
435667
104496
333713
700343
700368
926806
840929
308860
700808
700825
577263
850280
297725
701165
701349
713636
856136
535982
702076
702083
905376
636683
150181
702474
702543
993853
356714
276354
702685
702745
885527
497601
34595
703237
703291
248478
504326
852321
703778
703813
590006
798948
607461
704320
704463
618706
393237
977401
704881
705373
567522
774655
134898
705603
705645
210849
390598
864602
706204
706245
159257
763793
602180
706286
706358
349806
856974
677945
707259
707584
29459
788550
779734
707944
708004
374282
5538
240505
708187
708201
538508
839085
605517
708642
708698
905865
140204
43525
708961
709309
172557
571951
919656
709568
709660
810715
639500
298979
710402
710457
398418
282033
984606
710671
710713
76431
44648
310750
710911
711092
429112
927533
789347
711550
711589
843184
912958
733842
711984
712045
962518
627063
581935
712680
712731
826322
278973
826842
713254
713294
231094
576439
555713
713486
713536
826946
834699
441675
713662
713730
848278
910115
806669
713926
713941
865297
514344
397336
714293
714397
999065
507938
622579
714795
714941
535234
672502
959129
715544
715720
175677
373434
385446
716125
716324
707787
471465
229357
716483
716495
81008
844432
556702
716761
717003
66884
608765
308982
717201
717300
979324
732682
61313
717638
717680
305010
101749
177698
718051
718078
555038
331299
169655
718268
718411
787558
384948
193419
718631
718678
41600
934604
886337
718995
719038
936254
1676
867022
719308
719799
971709
711819
779125
719920
720043
662965
257855
512836
457840
720333
70693
263806
233767
720907
720977
369275
77021
989697
721504
721701
780466
243731
380207
721995
722028
24417
442649
478817
722747
722752
221368
439686
500023
723414
723471
465311
242901
192067
723661
723707
721949
448049
703760
724246
724333
866897
681081
59721
724550
724720
661606
444826
817135
725341
725430
671653
360800
725810
725659
725700
365277
997005
943224
725874
725882
472471
838275
186007
726824
726884
395166
288778
876970
727437
727585
259827
801328
749195
728094
728259
513514
432143
286209
728421
728451
134633
346460
901974
728871
729093
878081
688861
140570
729668
729944
627146
95777
932938
730481
730509
224314
654928
656317
730933
731014
290177
812827
574505
731694
731841
542046
997995
263237
732049
732085
165276
575982
865858
732424
732529
242094
259315
772184
732856
732864
117167
161734
148518
733113
733228
51826
839391
309764
733617
733667
39356
631783
838418
734164
734314
917678
943781
499500
734716
734741
531218
191823
944687
735204
735311
901420
985208
106721
735823
735917
55296
768977
343417
736565
736605
206462
836219
860078
736952
737039
280631
285309
868095
737239
737339
823981
849573
423873
737743
737754
458253
261276
12622
738223
738473
244584
805124
844687
739051
739109
367353
447051
948757
739227
739333
588248
741909
708400
739752
739769
638375
392995
66200
739899
739918
933124
927674
624668
740445
740565
955375
892209
41837
740838
740865
58590
924952
569899
741476
741530
720125
895690
62461
742181
742226
780527
477629
161118
742687
742717
742474
283630
418909
742873
742887
326220
153784
42002
743256
743340
471913
753447
611840
744044
744109
394828
956258
7340
744481
744772
579123
166484
180849
745512
745724
167012
712256
303807
746436
746448
620106
918615
541915
746619
746755
804442
836379
79197
747340
747531
23579
568347
566538
747699
747726
738175
615604
943419
747998
748025
773687
393374
63113
748915
748983
353182
637424
891199
749425
750126
865582
269015
284458
750699
750713
754274
753600
256277
751538
751555
207425
522344
521854
752295
752487
215349
256997
156381
753053
753143
978051
931323
149591
753506
753544
19295
295788
901078
754469
754615
393016
690748
366191
754934
755166
947873
543500
405849
755558
755575
262436
615758
357263
755884
756008
547400
836675
606685
756208
756307
965161
697486
724343
756619
756805
329766
315093
740797
757569
757639
186342
983212
815483
757817
757863
88437
443973
325034
757938
758083
231653
342381
851017
758825
758873
7901
545188
743224
759023
759032
720359
434870
128910
759450
759512
815462
111976
705813
759748
759765
658186
311692
465367
760090
760139
621129
462311
143376
760576
760986
217581
490723
685650
761120
761268
927306
731967
952402
761629
761647
32520
923479
178389
762351
762578
597273
965960
246141
763108
763170
974519
984140
186969
763427
763441
370760
290325
171360
763881
763912
103603
972108
455987
764327
764391
964313
232728
758916
764713
764801
752615
996450
20221
765057
765167
903096
97027
621843
765609
765740
891677
728587
947990
766175
766487
325648
877013
511066
766679
766820
264549
517971
675451
766962
767236
825326
759522
688175
768007
768088
124131
942045
908848
769034
769160
327802
862421
254189
769363
769366
282085
69576
205906
769684
769689
248426
548568
165772
769795
769902
86185
880362
674237
770118
770118
773701
609276
309707
770423
770429
795301
867095
204069
770653
770837
905279
635996
962043
771543
771629
311372
788783
268612
772027
772114
653596
613106
490775
772506
772511
852405
104029
828739
772904
772923
303096
576529
653600
773185
773214
268357
710549
307165
773631
773662
562432
256359
201067
773843
774017
819890
978111
113985
774493
774540
187161
856864
278887
774913
774972
321731
881727
620715
775380
775661
155237
581999
957595
776089
776097
239333
512261
608794
776871
776942
641854
84491
604990
777339
777390
348473
202194
445696
777611
777741
114749
230647
848828
777968
778063
210257
823426
566272
778305
778334
140047
769304
323920
778562
778615
747861
33903
985791
779081
779082
75866
559686
427935
779338
779570
681610
14020
853576
779855
779864
659525
393361
645324
780345
780345
573305
324749
507415
780536
780571
527702
183340
696069
780771
780774
157895
218434
393650
780994
781024
482837
490751
689393
781414
781563
832543
189140
709380
782044
782176
581076
769712
865146
782912
782963
895076
111853
190095
783488
783632
623165
927797
630410
783937
784183
287539
18755
417237
784900
784916
908947
795298
641884
785509
785708
480213
726997
805235
786083
786103
597245
932801
566076
786726
787070
300790
512609
802284
787214
787283
160796
477368
850655
787574
787597
862422
152542
839956
787869
788025
906895
812068
314935
788246
788303
410507
82618
389729
788628
788644
608056
21443
349293
788761
788766
550453
135350
475033
789109
789259
97035
657552
472734
789373
789400
494882
898754
851022
789912
790004
387039
443474
317120
790153
790222
492237
272375
873225
790708
790754
788695
59195
368755
791646
791655
329782
853074
623714
792371
792381
604164
772826
137338
792810
792828
550616
931374
435311
793060
793188
683355
382041
223372
794018
794052
168247
136857
210370
794530
794648
376438
667176
700948
794792
794843
889747
126710
839379
795181
795241
642645
982392
892003
795584
795675
116014
760149
996618
796194
796278
208958
532657
938204
796930
796935
312807
146602
988612
797168
797185
687327
666735
381614
797665
797674
636353
160713
381651
798125
798195
185441
72298
276858
799061
799067
384439
373073
190368
799731
799831
82593
959138
6152
800198
800376
673871
713453
855476
801233
801240
543370
732630
235448
801422
801469
132360
669303
326176
801790
802173
849235
82228
864039
802560
802603
975455
618996
245211
802730
802739
206517
739145
645199
803082
803155
332687
899388
715891
803571
803588
8510
814165
359229
803749
803869
897816
69376
692973
804280
804309
892824
978458
969520
804568
804596
586041
227555
86084
804772
804950
140023
750634
769657
805311
805331
386763
564531
538902
805568
805630
662495
42498
946550
806335
806414
608131
264926
45245
806904
807100
252566
871472
426936
807827
807916
325138
953421
716482
808408
808624
269892
974820
239029
809108
809233
314975
557035
972638
809711
809721
318227
866399
216035
809953
809970
67627
885639
770556
810369
810514
848494
690038
183277
810879
810890
990563
205505
715974
811712
811979
748787
307280
840761
812203
812224
182542
757774
130842
812847
812977
723317
713608
11893
813589
813624
540747
49855
404435
813723
813760
401603
904688
571547
813967
813977
928701
766871
682143
814620
814674
211767
105130
693083
814786
814850
668976
250383
27695
815256
815304
235342
173629
473078
815782
815784
995809
666758
306182
816741
816969
514836
459814
238897
817375
817462
635282
1727
347477
817868
817885
979586
931569
940274
818145
818175
103040
321045
823277
818340
818356
684026
281362
888954
819031
819144
792547
887619
5134
819669
819834
438258
677549
579990
820137
820236
846784
28460
912258
820635
820672
118833
503066
275639
821202
821309
683827
186990
412978
821524
821544
839539
550005
748486
821720
821758
379195
166923
261541
822383
822399
50099
269159
906090
822611
822893
638296
83960
30636
822967
823138
231091
255366
582296
823639
823643
559995
978219
847279
824029
824237
578428
328839
790019
824628
824801
938831
855438
315970
825376
825542
652324
396645
739630
825982
825999
901244
491699
539652
826266
826299
560015
453428
683979
826597
826676
423834
623357
868193
826861
826906
231677
831584
706267
827416
827760
46905
307936
704694
828280
828441
863800
962454
472110
829146
829350
452514
950518
599425
829954
830074
796016
881747
765023
830361
830463
45950
430786
728518
830714
830775
935392
471909
769743
831277
831461
974967
14045
915823
831952
831954
457648
830
568034
832154
832321
8195
880740
253897
832735
832866
940879
969212
164157
833590
833645
91309
166685
998519
834049
834163
910241
312775
369991
834506
834668
693333
523988
526587
834792
834813
781579
179292
74543
835155
835176
850264
639683
946165
835406
835709
411139
146531
920695
835997
836180
643882
995849
180199
836521
836646
346303
343182
948457
837117
837340
975839
401767
522567
837484
837660
501786
542764
245340
838110
838117
581367
385535
8024
838307
838418
979963
609768
24743
838585
838645
583727
972476
675135
839010
839059
561278
580582
405623
839192
839359
216951
294308
845900
839442
839518
482741
961425
822546
839747
839797
648073
927123
160921
840200
840353
747971
856974
151070
840812
840836
33147
68217
80241
841096
841237
885792
946312
956950
841452
841503
265389
37444
892643
842081
842139
653889
107800
178701
842601
842652
660826
887257
392177
842987
843064
733424
745847
830133
843394
843398
505589
124421
54166
843656
843813
87861
183928
951100
844369
844381
673392
18336
711099
844716
844782
907501
252224
718877
845119
845202
642426
784565
451944
845397
845433
110823
286986
796095
845973
846017
720333
624647
35578
846622
846679
448739
293623
633442
846865
847000
574399
61675
718134
847628
847901
870648
796364
232182
848342
848471
607838
825701
906605
849078
849151
758665
167070
526504
849747
849778
44262
286625
605929
850183
850186
763409
602024
737363
850292
850549
146570
818364
819349
850852
850905
589608
197280
625090
851105
851109
509001
945367
892646
851565
851652
519885
429309
244385
852233
852235
476784
970996
770570
852879
852895
956038
964147
118359
853462
853575
599884
113664
376128
853830
853851
76137
782034
76762
854391
854582
432297
273354
40717
855198
855286
805263
699616
475497
855539
855563
419156
542872
960689
855850
855914
679379
394414
46774
856714
856731
539565
918370
928301
857065
857229
506777
548705
754910
857438
857484
637312
306794
368841
857923
857957
208159
668598
665573
858190
858229
165283
482126
59747
859001
859128
573297
292007
191562
859915
860073
990780
851841
85186
860206
860358
429379
425535
363982
860518
860543
631441
296278
721758
860848
860924
581787
382322
62658
861505
861800
931058
353824
690745
862265
862291
92266
858047
798
862425
862433
160517
52974
438603
862799
862982
485667
546046
80813
863296
863379
530527
222451
94811
863860
863942
776966
714692
17121
864171
864218
686662
425914
153111
864681
864879
808958
401171
318756
865278
865295
923645
218568
560869
865402
865412
155746
490177
26768
865619
865685
430642
98156
774473
865926
865930
888362
46970
409823
866218
866335
564997
640233
279075
866624
866793
691917
685377
502262
867048
867069
214167
322192
449862
867242
867263
618022
207900
848047
867430
867470
803691
28263
96710
868046
868057
308919
946125
355220
868299
868432
651287
850710
136136
868733
868775
989124
525757
487121
869003
869010
482330
167278
89761
869505
869709
40121
185356
287849
870290
870354
825940
995132
547521
871005
871053
723614
326371
911190
871298
871360
199268
262079
406372
872040
872062
384969
961905
77619
872448
872514
438779
696651
954099
873165
873171
616510
193188
732264
873313
873337
103032
571574
554242
873582
873765
260281
144670
474988
874042
874086
419704
523556
389945
874423
874633
974957
271630
971575
874927
874934
325430
382709
834214
875427
875610
620718
797081
393595
876494
876688
375078
189125
206870
877570
877670
916075
855701
476765
878351
878485
945232
956867
331014
878758
878877
911325
498081
615585
879677
879681
756110
43766
654014
880058
880228
610471
517686
151056
880420
880617
426551
672809
232091
880816
880830
523641
159336
565535
881589
881654
30313
338569
219983
881933
881942
526128
502808
502398
882562
882646
135859
688329
973606
883090
883173
165170
195568
265846
884287
884334
915499
681841
300824
884555
884775
724966
508097
648019
884928
885022
788616
275049
837730
885361
885429
643486
842146
19619
885620
885622
489783
966198
176787
885963
886176
588925
241715
969992
886403
886517
166076
147731
780571
887506
887600
804028
172890
3929
887931
888028
90464
667555
715244
888770
888806
588114
705422
768448
889144
889335
564355
862359
37712
889533
889687
394104
773706
746553
890048
890194
919022
700480
88016
890483
890589
194068
48906
924893
891017
891067
72687
41498
340385
891371
891501
109590
616255
304389
891905
891949
165521
187856
35950
892329
892376
212376
723583
78285
892548
892628
996745
544632
830582
892846
892918
177164
784519
483759
893739
893747
228567
633472
653064
894048
894253
78471
868194
473307
894505
894592
237090
850191
588269
895342
895573
521225
442178
513146
895946
896068
499304
783247
175445
896329
896331
895577
790013
858768
896951
896982
520324
547183
669061
897823
898204
330436
71875
730618
898562
898668
574409
737161
997041
898784
899050
2886
150131
384406
899547
899643
106644
614168
830948
899837
899999
774558
444888
265202
900724
900981
327813
66751
219761
901113
901148
9878
881764
885741
901299
901386
348908
265602
860498
901838
901861
940092
132480
590816
902164
902374
52101
660825
174166
902548
902911
87617
519256
390181
903110
903158
896424
550180
612840
903638
903716
884515
467590
186099
904063
904080
499341
552771
240504
904413
904413
759436
171538
405194
904506
904553
918196
949876
208129
904973
904993
683825
161360
740212
905478
905487
479456
241897
466012
905679
905751
757904
416976
648775
905939
906087
8685
137090
182001
906632
906789
397421
134209
33370
906936
906981
54442
992188
378733
907576
907845
107159
194969
22022
908417
908423
303337
561682
558691
909138
909214
918502
418933
150183
909651
909753
805972
463396
445387
910227
910237
977455
145714
862086
910984
911080
620475
819262
424177
911364
911481
43675
23334
380861
911840
911855
872097
343580
597447
912261
912356
5232
948321
324678
912812
912844
502055
383608
37950
913398
913448
229520
251363
997961
913605
913705
3587
961279
43875
914292
914366
824847
677052
772460
914937
914952
279703
562179
574141
915360
915450
456276
174571
733891
915879
915912
12526
195001
542475
916208
916254
168799
54944
841600
916645
916872
2680
375038
159906
917073
917115
708083
394221
789403
917255
917336
851729
4004
839636
918031
918159
446339
778229
404401
918212
918294
456978
844067
903022
918585
918609
808004
535059
797
918783
918812
97269
110477
182918
919121
919266
239393
486469
676582
919581
919590
193361
525320
108365
919873
919910
60157
834942
824991
920229
920375
414622
192083
299544
920930
921149
87592
994290
629449
921629
921688
550143
583783
80020
922195
922329
543637
46723
703531
922554
922707
865847
910391
608926
923482
923499
421337
791258
535073
923790
923836
94993
695204
993029
923958
924138
385384
999861
363060
924325
924532
249844
416074
615203
925475
925574
822903
451072
260873
926016
926030
606872
415817
543374
926448
926657
617734
858189
892100
926831
926946
965970
992488
53360
927327
927387
233586
365719
219571
459234
927886
469080
212871
91858
928081
928093
395828
377378
855362
928796
928870
850026
484410
792435
929504
929722
543857
710746
904087
930322
930350
400387
773039
871104
930726
930924
970018
860468
983074
931332
931349
683843
131608
997768
931688
931736
949363
497883
830164
932230
932278
636778
855744
327619
932542
932674
696842
901591
385589
932851
932931
569942
937257
285586
933254
933302
150651
844851
444427
933351
933728
178480
595475
672772
934393
934485
261188
506334
252763
934994
935085
55356
22884
328588
935887
936069
131745
712053
869057
936691
936752
485395
246632
284236
937133
937157
291205
745358
258496
937573
937722
463259
468022
845319
937992
938048
405642
734590
173600
938577
938690
2882
733458
884914
939100
939134
340929
774384
736060
939838
939895
374145
775867
141842
940200
940258
666054
799689
100590
940502
940537
693575
422757
200201
940946
940987
575174
23872
605135
941230
941249
932346
780651
501377
941404
941527
528025
769162
509663
941919
941969
686100
597412
95066
942451
942457
349802
295689
292146
942872
942974
686768
983174
166433
943322
943397
783836
628695
847235
943866
943927
41036
827142
415985
944592
944631
493994
730658
181250
945006
945008
868897
33402
259299
945368
945566
948044
70217
462337
946024
946105
768409
215906
366876
946346
946471
832072
363470
216902
947433
947554
552790
187177
119137
947848
947863
470223
662028
634580
948087
948116
59269
243868
753422
948364
948413
72453
911510
775091
948676
948714
205763
973081
824553
948889
948951
133381
530145
619520
949648
949690
426471
725826
890206
949927
950034
119258
125947
998327
950748
950770
933313
873780
923842
951235
951372
498857
451050
634495
951941
952096
675954
911945
995883
952517
952710
292959
689795
288010
952962
953188
921236
38273
901206
953409
953418
587146
409864
710381
953521
953598
34559
216091
253907
953894
954037
711637
913588
560061
954630
954701
52898
443634
31799
954863
954903
335777
162770
764683
955273
955306
927886
368588
587177
956021
956021
26884
180782
397003
956379
956456
950975
680271
358538
956965
957021
261828
112084
295810
957382
957533
659842
791835
186453
957868
957917
182909
250439
634286
958461
958480
476019
119128
662891
958775
958934
344600
823798
536967
959584
959600
939761
45182
197925
959957
960058
740627
629712
793028
960509
960574
718759
104941
532679
960911
960938
242271
404444
117071
961343
961380
912443
536980
937195
961501
961653
826726
483444
250139
961829
961905
96291
706481
884796
962289
962384
243525
155159
814696
962590
962687
425299
637732
803675
963867
963970
479752
926738
150653
964315
964366
151960
281393
673634
964795
964830
787346
723578
18795
965438
965614
384882
921831
446587
965701
965733
388020
94357
269845
966034
966097
432796
761466
291004
966454
966471
135937
711662
672225
966814
966849
283006
672182
977301
967306
967555
655599
364768
257039
968084
968123
905780
246234
270813
968492
968604
482765
717756
504001
969184
969187
354237
218117
821468
969348
969410
280233
216492
312424
969638
969658
181239
692542
698090
969961
969971
861040
435243
763987
970386
970429
646233
903226
39671
970750
970933
411386
664374
659652
971476
971498
671046
443932
611070
971727
971901
140247
755810
713595
972207
972271
615878
991399
973332
972839
972870
814327
171224
752016
973205
973285
182666
992200
30249
973794
973837
399756
79370
443307
974398
974412
252027
14340
876255
974853
974906
294698
843180
943933
975177
975292
612498
991809
299347
975630
975681
945012
373437
797548
976396
976473
265738
310844
992512
977070
977071
890401
379630
186416
977338
977349
80322
865312
716437
977622
977622
281206
354782
632820
977839
977900
794056
952902
756953
978221
978224
873287
719869
41140
978541
978568
953269
210691
276776
978712
978721
426795
184736
395616
979100
979169
246022
251356
510932
979489
979509
407179
966646
872636
979773
979831
434488
293865
204332
980307
980391
142179
77790
572375
981291
981487
114251
917064
13768
981931
981985
423877
955600
863492
982430
982768
718135
99912
33780
983307
983357
489451
420258
904487
983649
983697
290477
123508
727669
983806
983929
425700
865572
380410
984230
984291
958512
747950
555511
984523
984600
833950
79914
347330
985258
985337
294436
777611
203652
985902
985915
530772
559470
441191
986507
986716
100488
446912
153464
987650
987654
374250
44242
741978
987959
988040
695883
540404
767982
988859
988907
352142
451243
212668
989473
989550
956323
143402
844238
990074
990184
621964
731964
676150
990609
990685
771366
81047
124090
990884
990980
769651
831089
107142
991498
991512
444064
159836
536275
992055
992145
597967
902474
902466
992217
992225
789087
743256
347409
992529
992617
48585
273859
217244
993064
993108
264453
158549
472607
993584
993705
6086
757888
230384
994041
994110
219179
742736
697725
994628
994644
154553
868778
277973
994967
994996
229441
244856
896233
995375
995697
404098
495854
732922
995918
996198
720088
119555
612680
996496
996609
914270
181989
113587
996886
996960
379320
629536
991088
997314
997550
347028
469592
226666
997834
997922
20336
95969
204540
998220
998245
990872
211482
805919
998765
998777
321747
854877
633630
999311
999321
921949
323138
141372
