465367	765609	11518	649766	223948
455329	367511	623151	288649	666031
702571	916645	981805	994363	574464
770556	808269	568186	721701	308009
703053	448415	921629	893003	706945
87725	763881	178634	477448	254385
174166	992225	709526	367098	548111
330826	208031	844369	915023	704315
516880	592937	740128	167122	709309
297107	555420	153921	390661	317551
397336	934859	350242	790708	134636
874042	61313	657679	595636	429817
159058	228438	181893	612975	5227
832866	732877	729189	666914	133704
609819	675460	915962	402212	891017
932735	63906	545414	84999	127361
302528	672809	437661	628950	497014
921688	83291	64420	174053	829055
649917	422293	5890	693349	904835
913588	574779	3164	538475	25767
34848	187858	970933	399945	916003
528544	19379	376888	151248	74322
366540	683867	803749	902374	910984
58016	550683	684834	714397	372902
979966	63133	95666	912812	104023
735204	443904	611329	409448	832154
70217	642426	523444	619050	363234
60948	218949	563912	400125	26349
100689	716324	923884	152456	509804
218568	270481	274716	408166	780345
648373	881589	206705	22951	239619
892542	243643	492240	684914	279744
37670	979666	880419	622965	829854
654877	320535	223542	802622	34650
276858	564209	834813	47888	733617
753544	443932	770118	935085	531929
779855	545188	455480	809793	901543
177357	462029	128433	256351	763170
914366	774913	102345	247134	58125
485659	779970	608701	598164	819669
967220	669303	745724	268413	196952
769689	165103	926141	708317	643142
827884	463106	656724	10245	513650
970429	179622	809108	565996	483794
661669	162770	206717	980882	789373
802959	67927	586908	886517	862476
482206	826906	598221	131394	804750
410766	992778	132930	867470	317642
710214	318165	345629	434237	920229
778562	445131	436389	318896	562898
417101	395758	83612	832321	669782
911840	620784	683945	871934	873806
392342	644937	908395	184346	588373
826749	92266	133577	808633	208190
43195	846679	103306	608069	167310
131631	265587	750415	287256	109630
432527	597273	710254	200558	680858
663704	787869	976350	664243	853131
920882	573471	578411	350896	299965
7975	926030	29216	688510	537339
34403	719060	287642	50857	61657
34099	821758	467638	670409	730481
718051	227515	552218	917213	543892
616202	4659	25372	336504	606455
290433	775361	657735	114476	489202
923790	601565	969348	680447	307451
552614	492733	818725	610865	747623
930350	732085	961712	653082	232777
149849	269320	392887	431337	468039
198534	117071	748983	469985	466624
586155	597412	124308	8142	917115
171451	86185	900724	138240	371261
474678	379730	295761	627203	34176
309983	740797	204567	301244	93749
633472	526504	275182	716626	648547
262304	45025	4511	450402	45529
276776	742838	426920	597569	304691
677857	491960	160772	293492	711350
343928	432574	985337	867264	280819
798948	481033	821374	630445	337856
493490	548737	583203	116576	222682
596782	22290	869010	297916	690617
198030	581896	809993	196964	502506
981931	166696	295126	309211	167424
339108	803155	901039	498275	596952
14321	971969	345262	98610	68357
424521	88781	825999	889144	764997
988612	632762	247731	790004	444808
421649	874912	184433	859140	385904
30197	282547	88185	302773	195735
977839	988424	4990	969721	999212
653667	307165	376886	499171	759748
8685	271358	450594	773185	622779
943419	872395	520202	747531	402530
989697	162098	35214	614617	762900
791258	156928	505376	979169	577843
225500	451863	204149	186086	570739
153000	527408	81423	151063	30830
511932	583783	487730	353886	467963
551704	469881	105078	542567	596892
464054	964597	234274	55067	180680
907845	891501	814620	729457	679662
750126	380207	101544	818340	968084
443472	197240	927319	228755	682095
446912	383247	303188	255118	97132
291542	547393	390973	25939	464503
834699	956714	903924	112666	812003
852895	340929	246614	369141	275839
734164	410921	953862	33842	250234
917073	615710	741476	646156	86923
150834	387158	151541	838117	8313
325648	618910	697167	576174	580912
231045	717680	201042	498227	770429
636749	487481	962769	151685	642195
225592	415727	899495	274060	515415
788143	487037	297615	275584	313647
534361	943927	595460	681805	586908
705410	479957	38514	264307	94027
983649	628791	860111	623401	142853
375802	788303	776871	114344	821720
611045	330986	410123	319624	572792
846622	984600	536618	489085	941304
405642	257484	386389	465823	828441
472603	621297	842139	147096	957533
184129	207689	45009	883173	504821
391909	969971	353023	430304	81512
111853	56709	60326	308120	112666
215969	498150	790755	680610	727071
236355	304425	268920	925410	789912
942983	933254	553030	843656	128571
321045	440462	643248	143886	594089
444064	731176	220757	104659	297979
920175	366892	987915	429013	26297
578624	970277	468458	823639	269974
473294	814786	839059	166007	874275
380163	779338	541804	686710	856714
385110	324501	565850	289279	458067
257039	68253	870915	810271	511599
760139	821026	279675	267805	967803
586667	268612	918205	101502	891067
865619	863144	708698	280724	792829
759240	535338	247986	443081	799067
30466	717756	337549	948584	704881
588942	120206	405612	374023	307180
993350	288400	879357	483191	342503
453642	5639	305337	736274	382068
925575	37603	678665	717051	16054
178836	943322	49667	845288	344223
209663	576721	594252	56927	849877
334307	493951	546187	311211	765321
263237	87228	615747	107269	444142
573216	850997	108973	673702	281975
482330	789339	221576	982099	170719
868193	718207	484112	834889	716428
54701	350306	853703	160398	350760
499958	388020	260628	761120	486368
175732	789400	613204	236147	919590
361905	137478	21095	99424	232516
912443	191785	940772	672417	121066
177887	326784	255833	33697	318868
467266	368878	646801	546377	777741
684972	752615	517328	93436	302296
587114	160128	671925	588163	670634
683465	953418	203847	29855	546545
186201	560015	630086	561559	478548
230858	896424	156702	904993	971727
862421	259616	51043	248169	224833
292990	380410	608040	705873	455547
865930	798902	248371	77073	170913
38676	990020	521148	349929	938048
675954	772184	366557	862265	397600
720088	435314	25849	247823	441704
932847	241897	203289	784900	231646
703531	327390	456783	100753	244637
868844	64322	964830	197671	179986
291841	14298	127935	729385	864602
322763	212739	810715	837803	497130
277973	480232	744109	382612	634314
535300	948413	804489	369229	239424
162712	421930	71761	969193	544758
369955	467030	156745	320981	196925
451243	275147	778765	779082	138852
198723	304389	165048	80913	858190
918714	17234	27066	815256	695237
484287	688329	981487	81226	374866
736565	125780	983626	502645	917244
315018	568556	966262	456581	498428
356994	559399	254309	142629	322943
334082	64391	491104	855581	346404
138924	860764	680629	963867	478064
414657	984449	209970	32175	456283
530145	705603	476130	891199	747726
94993	856974	705645	958460	656353
231119	973837	931453	517799	694921
485470	19054	614074	501878	960911
633505	293368	570398	316494	540730
78285	381106	425847	22016	154753
991809	27826	807827	272842	73631
313030	998519	11489	833212	162824
869709	37712	938577	937573	166390
829954	953269	95561	63519	270453
739456	959600	999621	243586	393380
507019	718268	232854	413259	571953
280688	154638	820460	173289	577953
24776	903012	546747	163369	219796
732049	839359	832117	349868	350368
179292	146570	610641	119416	410263
727437	448554	185963	729986	978634
710671	837021	500942	6081	718411
586249	244103	99556	471543	276972
573605	175421	634279	901299	48270
994628	222360	218550	769293	88245
92639	155691	781025	634780	353931
357061	412764	72199	85457	984735
158248	840353	348168	868525	297112
462650	432164	655859	906632	773586
588243	242338	83820	174078	727628
632820	850280	538551	386564	73902
271630	747047	233890	372578	247841
219901	588273	338163	981930	842601
655700	795181	81378	575808	147559
730658	133535	795584	647142	616618
587177	839539	37864	171480	735816
817868	504369	492711	154397	111326
624668	885792	191097	528308	724851
462671	573042	550247	787554	345389
774558	77021	414857	722071	209932
584299	939425	777504	204993	245819
328588	248096	507203	458354	544232
120419	941207	917748	367638	570643
87886	987529	873171	55287	219697
92483	204334	800904	494560	258754
516158	994145	496314	766679	309296
23872	459163	857866	972207	622890
407334	98730	359119	869126	819031
726884	969638	403590	583677	875318
238428	133381	769363	588498	8310
958775	234954	773351	987671	761690
719850	714293	640550	442159	168044
690748	558275	111241	340719	814718
22953	24143	598666	718010	861800
612200	732253	413009	864681	693825
216183	737743	256174	818145	488530
593825	984140	201150	631382	998245
541915	384406	959312	250212	704651
562179	398595	491060	16821	112883
816741	209314	205578	615429	774540
621129	868194	354258	558217	33253
585619	340385	808408	6592	643078
631637	5705	524570	177885	821440
160099	884334	941718	461958	717116
553857	414264	629683	976473	424735
256231	885562	570184	145507	560258
106891	482392	634504	382515	384
48226	396861	625806	816591	259932
638449	817776	5282	921149	741311
167453	163421	143889	66506	738835
230865	94257	471063	383013	473277
196678	280490	929881	873337	291159
290523	269662	290041	656696	435407
687327	251356	391430	121164	974105
539965	883042	991466	285933	383561
411635	673641	281296	610086	165253
835212	940879	500288	919041	234886
35950	150565	713802	713358	233609
145836	351300	521023	480279	244827
409864	200522	327121	862799	951546
428126	966525	22877	36475	864879
474558	411386	713908	176966	353346
814747	918756	330648	107062	355435
559861	695608	794052	109250	405509
303096	525465	354244	989438	794843
113148	321125	888321	703778	954037
390417	445431	898784	948784	818799
971245	224574	831952	736952	352695
316419	549463	600616	789109	419006
104029	872448	530464	962027	484590
404384	630410	852233	446313	799731
969961	704779	225643	741850	737433
527677	489105	487149	299981	993108
739145	745512	723661	785434	778380
854582	5245	983763	109608	725950
725430	968123	637637	779570	532739
385181	809953	68615	439063	494535
362456	58347	198710	984347	326075
349806	150808	339739	580267	531223
464923	845119	414984	483684	588163
402131	588009	23847	70564	480200
225379	745358	628976	682043	488600
801469	804309	486183	681871	172610
986469	888445	549120	444318	812376
830775	404213	780536	649619	993143
385283	113995	401654	421786	16965
56674	677091	289557	333020	758656
192332	797	868009	699611	131088
664343	891905	373247	531858	879816
422677	452262	797168	487444	369791
654928	862359	567751	863942	9163
85496	837385	6879	318891	929722
955600	288406	531058	209280	222081
405371	478115	786726	250052	845625
940258	693549	652754	210939	519436
658019	536275	697160	697600	892329
390937	973285	800852	436260	714047
567481	837117	268503	523720	188352
732682	49532	691131	942691	399267
188088	191562	76467	100300	904814
183684	822128	521807	268867	947834
83134	777890	241391	620663	212095
580159	76923	528906	208635	782176
570813	522422	603481	772996	794719
450340	706245	555767	788107	894592
740865	900981	679646	451466	919581
74819	862793	539988	230989	889140
490859	954603	78827	640478	860206
744772	22301	34630	706765	61442
813760	856974	812307	956965	954755
123841	180188	41545	161130	253386
458253	146793	865278	680557	776089
255982	780345	521843	416149	663345
840761	453957	410781	63044	940374
362610	788692	990818	721504	760576
155143	88636	979571	612133	362489
93686	266316	290412	778303	233012
890589	483444	219413	454208	876096
245600	316837	815996	350139	830714
743256	848898	410647	579583	507281
912511	315045	447420	764624	73208
244532	92957	542967	61877	676109
500078	490723	282717	892440	593507
918615	648948	92600	361746	500331
550180	513075	90751	262931	620085
853576	485601	492132	864130	312201
997041	405194	843538	486578	555287
309855	377729	446593	118343	619775
82593	666270	265112	490109	666192
959628	220620	298721	444913	942083
716495	526585	187097	885223	728871
35415	475687	790754	873765	376198
285343	658186	410542	431605	498756
847628	595248	923870	685253	411019
574141	238065	380458	494781	937352
44605	780771	685099	439582	526814
351148	359958	31189	267958	337444
309764	452514	200634	200196	835919
165798	256359	131859	842081	553650
637580	700980	984061	314319	882284
136398	892628	268433	497671	606204
845202	952299	530396	994018	656990
401434	769712	52446	997796	47209
408920	890768	834967	483186	516959
504691	288347	888770	817462	894339
21756	422612	386686	936121	938468
731967	350283	352501	685674	632947
393650	821969	526944	948765	212999
412431	916262	390689	105518	148990
948457	978712	136274	735368	860073
756352	525757	409831	801422	238205
675448	69376	886992	770423	761699
868057	683007	180606	162839	788972
924138	496116	860358	155305	212383
30249	285277	240076	325566	978568
766175	31925	94789	629757	462367
99694	275368	396084	553296	39696
115522	151960	550128	789301	284154
217367	571951	673936	896331	579722
744044	482837	499793	986507	976700
849747	293874	838645	83278	769902
384641	512842	717380	447156	588330
895690	497883	414312	661353	306096
174192	542215	199905	174662	816969
574356	736605	961388	205919	479642
715308	315555	471385	79631	758083
636904	396490	382524	966034	998765
793028	474541	300416	695416	669606
640657	964315	675817	53818	76046
327531	916872	859001	89918	15859
142587	626594	418577	189344	912871
258027	839379	497864	797916	616399
172014	63946	43070	581643	507439
237751	42002	514519	811257	461030
851022	702685	851456	946941	567751
826048	371871	389535	915879	541703
10835	850026	779081	613431	205494
793584	243382	743815	350563	675333
777778	648257	504542	383084	770991
342561	764801	354076	109888	142310
909813	778766	747593	808782	10366
507041	137286	836646	819423	122086
825376	287260	99369	734317	692430
152987	5134	804568	374114	620486
258977	462311	312564	560437	252581
637080	188905	435124	819944	675824
368464	65052	188463	419585	361620
100687	654556	757918	889968	100592
675771	734973	277151	582324	21405
720907	735917	40087	842475	2865
821309	231090	550559	515022	713536
271175	796930	3895	277747	137022
653415	136328	632204	867417	914239
968210	872514	219262	258012	834476
327813	24880	839797	94788	155058
526187	650671	685053	944631	642578
330263	471816	603625	499359	534552
438347	874997	941198	559476	411781
806547	669061	261279	738482	171348
774473	87555	107429	288335	460765
607461	851370	635344	440029	529012
992529	752515	497470	486623	957021
313143	392551	850183	823371	783488
473173	37131	275512	265233	857923
450422	156061	119527	975426	117595
620106	772506	549696	812977	522162
656488	931328	857357	994758	208594
516073	774806	93454	708185	529264
351309	433801	103367	979334	303492
969541	733842	525521	675489	570820
227555	332045	382501	385283	76284
469015	919121	576921	642125	976772
99353	993904	476844	529940	113531
734577	810514	478156	440971	741127
688544	590775	794054	896951	40817
573297	241257	69596	854151	693559
606221	655892	401777	513168	276769
494747	806414	39158	465197	968876
302120	205906	818339	628725	48726
721949	507341	156483	63491	560373
674347	602024	405311	215121	959631
492072	419672	994644	310802	995697
427233	317591	462862	877725	35777
20159	945232	336876	852235	988859
237567	450299	88071	315191	824400
703442	785336	312192	607093	636616
957081	48585	779577	746609	839128
634580	454920	690108	558037	636524
788783	286196	690748	154782	703813
243986	308446	502377	906936	55617
998777	548705	651274	541336	797765
524170	592606	395405	425345	541805
682204	493994	535002	446167	426324
249343	872636	140128	286759	783688
828447	497000	605662	457362	73380
74298	24762	340390	110324	521889
527702	477952	682716	844782	55653
943866	811979	955043	510277	130800
742873	286625	400518	770837	108237
593469	438087	522974	458834	519887
846421	214389	761105	640572	333684
206217	296278	739227	375075	479736
556852	599200	298339	75954	532865
507151	134209	49994	191988	500059
712045	242962	91836	579066	46156
838979	634561	938730	667187	275127
479383	536166	744120	305901	736933
582275	698884	629187	822611	74931
824350	677965	321811	906981	156546
395616	758825	210907	151307	623775
759166	612813	148855	430874	632384
695304	407304	919873	708004	674050
983701	52974	450184	25948	820236
558064	215981	681348	564397	539312
837340	237167	394328	694838	162427
405849	934485	537534	95646	105930
718678	185591	55022	334255	59613
820591	833590	752128	847181	160418
190132	403865	736716	818356	237323
346737	423834	575814	86100	833107
922707	814850	568948	152864	412914
807100	880420	23987	11915	16347
39356	315840	659277	156655	922794
840929	224942	186935	588987	586566
888855	638296	697301	924212	946024
43818	612954	545664	489605	826597
707633	689857	205918	398225	293085
867133	286701	78050	498926	407172
571164	62240	770208	337780	686165
636409	826842	63958	646999	838438
135982	994827	39819	734741	934994
947554	773134	141525	134153	476299
667945	834214	612437	762126	996261
482126	503386	351006	581669	361920
253385	978426	674426	344862	429159
994967	861819	904429	456585	392413
849078	250232	842679	282252	718546
261188	491305	913705	321978	553296
809663	135543	669598	978722	306211
639870	340169	432641	711539	779203
673074	967943	561673	965621	111398
379195	678597	26522	105714	459554
207357	121833	880816	964940	563908
768977	409823	94600	864946	626689
804682	54906	74332	589624	153429
206475	967929	834758	545826	159845
416174	961905	133553	586533	965621
86024	671061	751324	334733	715544
528208	475770	126103	560874	950352
690765	126818	867263	424842	123672
301485	609771	885622	150515	796278
948550	220130	50806	706280	311170
347028	662891	770058	15174	409201
314935	830582	959584	146047	438087
180877	219290	525265	955545	215751
698185	55378	928363	648604	596166
983748	836180	878610	156249	923611
541250	56845	615299	345766	263118
77642	814165	83339	231760	484027
899643	653889	483386	820137	173992
282033	885527	773662	523975	145480
414052	839010	600559	287144	901249
24532	397583	743394	213860	486309
456019	184496	236431	42283	185318
162274	735823	282459	567357	524150
108771	972870	104545	804596	563896
922444	528759	507164	653193	218551
525416	375989	196256	558693	602888
788766	863983	724720	804269	724381
579123	963970	523890	251744	926448
684546	859128	874027	766147	462272
476024	757774	501844	203730	513537
860924	701165	205982	348540	239802
761629	130674	179076	422341	264520
708201	638615	294544	672386	942872
299419	857380	960574	64855	545516
666307	139296	957584	791655	151749
971709	328410	157819	441964	59579
171172	961806	570670	807916	135425
66576	65106	463931	989550	461037
737147	712436	464113	805947	478860
937871	327619	867392	154553	317365
212781	485286	904330	260899	142343
235189	279075	880228	496478	401126
429268	946346	455017	362028	612176
611070	758665	310019	637648	608155
4150	431732	54330	120268	265064
554501	436043	162540	353501	667658
337585	528687	32615	344181	385420
496126	444826	24957	581381	884928
6086	623062	900705	33193	725497
971410	181634	689524	866335	632225
250453	961343	167091	169891	662918
188821	452420	834506	294888	48514
214430	631342	471786	611721	34900
992055	793773	409085	244079	352231
492442	539407	433270	196949	585091
995918	765057	416980	477469	598662
533490	569899	113780	124045	287277
910241	926016	319636	437901	208307
663192	40510	464025	171106	904973
182741	759930	573923	539990	67805
831461	830361	624861	347519	796194
485667	631219	331437	400281	673772
36800	912207	555928	88681	572878
594850	782912	797102	249397	477078
147001	321862	99665	163560	498736
378733	435064	935386	113843	328893
499341	132441	619407	152855	654137
797120	865218	508625	863239	504985
711819	9906	136270	224855	640270
802603	595815	684389	141713	317537
920201	715244	14227	521191	155245
147731	877670	240529	885361	59814
905780	722298	470801	459572	132045
821682	655410	762927	810955	93379
86501	646425	725874	598528	489131
269159	797578	663854	977622	216040
449036	195143	856343	919533	899999
812224	242271	165964	770118	855539
840836	57693	506577	436969	805538
774980	566272	315686	19723	176566
362494	166685	277092	799831	879268
500005	362231	955167	611805	906809
616255	203499	292827	874927	378033
239248	52629	719152	737962	958506
445696	248430	999321	148563	109960
978051	460614	8192	184122	149768
502354	683670	828043	423498	532268
581935	123014	235718	801790	179740
386730	694211	190728	491462	574891
183258	909512	109100	319639	68111
25837	613441	87891	359042	338053
743340	441913	186851	323599	924164
843813	173149	411295	389475	962384
778153	275477	788644	699399	982094
437932	95343	221862	321760	563820
11893	177698	835176	905487	326774
358975	796308	658436	268399	73910
930660	299036	853929	79665	245920
261064	750787	306838	901873	599063
400904	214228	677175	690088	743235
373258	941865	928870	422973	728458
323611	965438	788586	393246	209178
683023	300824	728094	351350	358709
708083	547768	885963	949897	583373
977338	755810	778615	159584	540494
70236	627063	676248	674138	871215
917064	203550	305174	276484	49623
988040	983697	137273	438621	35536
919866	248960	393775	634245	183113
739153	662564	893739	513671	631176
93989	334089	241630	382864	975292
776966	541110	973794	632426	220450
665998	271387	141304	185397	456832
883090	669184	339181	151758	739888
458066	247544	524808	242382	403206
98156	393595	983929	512115	873104
608794	389000	517103	362435	559132
606685	251522	874190	71502	484366
75387	549037	783632	16232	732824
983806	68503	67442	292863	440710
119388	476570	477915	937082	766962
24473	582296	817784	324347	951609
724333	446339	997314	219295	675448
324933	899837	476159	385441	249877
885429	765239	290461	145076	584604
914952	382709	614023	645318	566628
834019	39186	676743	493559	56018
723044	706286	487027	367087	235061
370947	739899	931349	387729	859196
874846	533106	308873	947805	581607
210257	814696	849778	614231	826861
152077	592812	338215	115921	2123
280848	394828	794681	650973	492403
706265	700343	964236	639325	46389
224443	321731	896550	84782	682911
129849	382414	230011	551572	786655
372509	419219	759706	393473	635735
367796	702878	299601	707259	293312
371547	970750	185888	515569	736168
705813	808152	479905	110815	203777
542557	824628	720198	587315	992617
464327	160921	226687	205376	386827
517686	661606	159766	838418	907053
333583	636778	579881	502879	630076
961425	220872	891504	969410	343980
676582	143133	130501	224076	847000
836326	932801	6527	65145	393516
107360	161734	20777	932531	995200
735311	551910	887661	173046	714515
88988	724343	69802	416969	883730
706358	620510	54428	425001	196419
810890	267324	957227	356842	653503
155454	150166	864171	645105	121142
394709	45182	402382	436953	305300
887876	269845	295295	60179	726824
384948	916301	578284	627288	967035
98076	195626	851652	216110	286150
658795	580582	455934	395194	957382
760090	154639	820635	890388	148102
441424	370158	189366	925963	517766
554237	612685	826180	693941	298814
8195	299486	499946	587662	544590
930634	791646	982768	405660	865353
636387	213997	145216	205940	830213
25877	901591	89978	920930	774117
424261	591936	159539	818118	386040
619637	721995	304017	121182	22660
608886	839636	330486	818291	444231
225268	264162	234661	511681	98789
927123	139760	389633	719038	821674
725810	67674	948980	802683	518720
294844	177720	838649	931688	344616
343435	324409	809551	967555	626342
980689	756465	687069	928796	341967
789403	696069	621364	227570	346482
77790	689606	841760	145230	575629
178254	599288	32922	540058	742226
901420	328771	426106	43179	368052
770071	906895	834701	906201	186283
679318	156604	832957	565232	147194
286055	346332	835200	414090	168972
656129	389776	233568	481530	595854
187975	261828	651896	605404	362633
905648	489784	896329	351060	455063
383764	311971	763912	956379	196099
652324	668314	454391	661809	805458
777390	346316	549940	419615	663689
457709	4622	532780	440712	186503
719276	772664	437250	934113	468504
54986	285469	51882	834163	860743
44262	102675	719858	350308	788761
668390	116315	16615	744956	361749
913605	59721	347496	824801	242674
218434	160796	338250	558472	432362
732312	660826	114441	19371	665615
837484	822897	518118	653756	44572
794738	430738	76268	335938	951814
886403	368813	136029	583908	555936
77650	381646	141911	554180	549462
932938	766820	57493	377891	49689
870665	555998	587456	550921	369527
246933	631783	258864	663708	384023
244757	147604	862202	960271	175148
179440	776942	198354	630533	642014
912261	895342	410942	330493	623820
39671	871360	551297	489352	628122
747563	702371	6231	603800	44591
116436	820598	179705	885620	199366
649278	858047	120593	277661	595467
824029	693808	17801	713730	66313
235448	361166	571404	702551	459037
866624	785100	871131	495256	616199
219761	475500	689953	539526	79704
974412	787283	842704	3049	177710
803869	475221	857854	993584	414185
556324	450297	173446	451637	267885
498337	171503	41653	664592	638248
46881	477368	332925	860543	496761
839821	150653	198183	772114	539882
465418	232725	803210	802640	892376
407819	13768	699157	947848	589523
185356	95722	773843	674556	87732
946471	603063	528447	37103	677937
509001	636683	301472	474942	799892
524949	591188	393238	398635	803571
733424	189763	109513	353654	391982
609276	219571	832735	455203	923317
746619	677765	781024	361087	105010
569932	1676	462129	162006	598399
243731	621408	610548	270802	984069
927533	280467	890194	149835	907180
519875	172039	222859	914813	758554
483517	467482	190223	281471	407173
668566	109829	446355	731400	315064
401767	471885	973142	813644	555282
157819	299785	750816	993705	903813
843133	393374	713748	785902	52130
431418	18795	440018	398038	954849
8832	525514	664334	421903	826266
735079	156380	419753	476109	221006
770570	329846	114504	388815	405191
355647	406809	453088	161098	176082
655696	114769	612093	416293	572436
43878	116574	700493	810879	787097
497601	961653	770653	616392	276081
841273	350979	923594	865402	873459
380199	425299	529325	878351	326486
56782	193523	601629	234872	317521
759765	615931	523218	539309	85372
968349	307206	241300	319838	10302
192168	929036	725882	397793	691078
138237	905679	528186	586869	392092
363468	727585	647263	953188	969082
205027	447542	703966	718631	567049
270105	83740	49006	139728	898261
246141	429112	208319	690565	537729
562929	80787	542395	858229	350937
675110	606311	888806	522549	52494
890634	904413	977900	580340	303176
394104	575982	250815	188879	580388
865704	201656	682766	281886	673948
46366	662495	948889	620570	471436
114454	948714	691804	942105	970386
787144	862433	419501	151919	494122
489783	947433	422632	683528	187716
884287	596075	908405	882688	184674
782044	614168	554263	238885	629162
24920	29801	152776	488617	889964
668976	831954	18981	953409	413685
587823	949432	115592	933728	297795
918609	204204	700825	139470	519170
528873	46723	957093	646537	702415
493555	92903	342620	178773	611850
716761	249187	614222	961723	377232
98910	264734	379322	740838	767438
838110	980282	366547	786569	880830
845829	991498	486393	405355	927910
585392	663989	21608	217601	342460
750583	14340	926831	58277	402333
647397	491966	592722	397516	363679
132073	329205	398523	781414	54308
862291	652240	468784	342640	630430
401751	177938	478979	966471	136619
746281	980760	89459	151209	404887
199602	838144	221161	813874	589262
494335	867112	117471	636433	420700
584527	70650	313873	667839	158324
346980	929025	914771	764271	576494
698090	733407	588671	898295	809933
735487	108509	940398	538494	911855
336424	573305	979773	852879	998213
232001	138887	685325	56428	690672
591463	99302	337568	175662	108188
422594	858386	179006	579619	634589
596342	320652	813624	498208	541037
205714	68217	986849	873272	396736
686662	961829	491901	917775	288398
834668	879802	600351	75862	216477
284458	574399	138170	30122	493632
717966	177154	966264	671150	93305
28681	474124	217454	728259	397189
454390	750713	670448	284350	484834
52874	780177	224443	270931	889335
468671	222299	414224	491643	120161
120132	548737	546548	826330	240500
449862	697157	725628	197226	502528
472440	90696	686438	190824	244575
295024	843619	198918	718078	34109
545620	322192	926203	830074	82696
937992	378690	429265	691271	969527
979100	469592	208952	3415	58182
870077	977592	553844	677629	1529
738223	537749	145220	68779	815784
67627	112518	265494	488327	967306
350312	697106	333129	94347	89700
940092	605456	589303	39345	695137
757938	525582	237236	603542	699076
680820	664129	104131	512379	433110
889410	930428	740649	815137	97304
813631	392762	53821	896161	676147
853074	66751	790222	608851	820672
863521	7415	846865	640549	324198
303131	301840	550258	362002	357365
746448	13472	30228	6951	960894
622791	577024	92234	964382	987518
43766	186969	794987	947863	76898
5687	444873	972981	462288	467430
924532	73299	457762	201884	140095
69329	409016	893811	794648	914251
103791	849151	483076	241994	821060
498778	67769	852439	238351	684613
136595	201791	173122	772904	160746
286310	20336	622420	419444	477743
769034	312371	567159	710893	448122
513475	112472	69492	310457	447209
107864	134633	311010	591256	580901
12526	804210	764100	879430	866896
717425	596672	771173	111296	237127
246022	196285	124843	826396	182897
606977	766085	453379	472597	869968
510551	766890	234858	330202	749425
148552	327794	494218	831657	683212
763249	513269	220986	9159	116775
415623	89252	115097	844419	83310
884208	258496	132768	362671	527216
666526	911190	311418	99553	357025
969184	368835	9255	639140	864523
971574	318227	929274	417188	77201
683827	843425	582182	547499	410195
901148	522113	569459	763441	542710
707584	349038	940177	516397	578105
61586	536198	122629	338410	483074
606249	180939	881321	786103	903746
351951	571689	665537	158604	343568
867668	169181	949648	97453	386900
94348	892918	466847	716604	289773
703237	84687	926753	10245	953598
531883	670338	543620	948364	399606
11323	742181	266308	391464	198334
587146	405127	336204	465179	517872
153857	182666	576653	601626	635315
587639	539565	885180	397171	8958
538817	86381	145182	881402	19511
645199	924952	450749	389266	130821
318321	352260	893774	331025	160780
941230	214127	67899	679799	757569
297564	46218	200880	223470	128541
378882	845900	918396	739752	889338
787805	968229	410464	554250	918812
265202	210762	737754	306726	881946
818257	95066	638677	416558	919372
648073	111740	448732	532081	514489
532657	435667	590667	350523	178603
804596	866507	200029	506485	611288
535059	846784	161296	156987	477823
182023	845973	387372	491170	994746
969658	196470	293133	256191	583364
180767	604397	280866	156012	276538
296039	445558	106311	547914	413307
749150	35498	977839	924300	309311
488971	56345	670866	206844	899735
522678	674269	376960	201087	944779
889687	512836	790412	719308	472967
5728	866059	327657	239146	927940
905498	357349	319332	698865	695444
47643	490177	335788	725327	77474
199557	84322	546973	262848	529197
580559	878531	700157	707845	306347
273104	702543	56615	664693	582646
144809	466012	851565	543353	787070
173930	251363	601139	654033	228337
952917	536980	730239	857435	434957
54246	757639	124157	637261	356606
257574	467590	310336	446234	600209
370816	105867	693237	547777	708905
964366	607468	416188	569911	416608
161224	602713	374644	105562	991528
171664	463411	813071	435455	556421
928093	530059	593700	137311	869003
955306	677945	57422	696022	9795
415817	453167	615446	6790	374435
308661	235029	625120	488202	788727
802311	389729	34293	499285	386841
377034	190495	792042	633978	8057
425535	526554	695685	823643	984230
495361	109087	893914	81317	333943
485395	721758	56538	513175	428992
106095	119288	345674	766679	238632
168720	193118	803662	721942	961501
458814	528244	423899	866113	441146
651499	513215	231115	523800	949912
565746	585234	36476	241915	401332
529673	456255	521150	569059	692420
451944	369081	966849	974853	868710
294652	166839	351354	850108	682276
182909	63499	990184	755558	404792
34150	329782	252961	974420	153932
291395	846329	255329	139354	473117
107382	852321	318329	654705	803016
1353	437015	997292	625043	68017
577925	867048	933302	542372	723825
360482	587981	860639	881942	407906
695678	410046	398371	267648	333007
257835	369121	678763	614965	382693
814950	225994	759690	622967	30597
9903	189637	229030	446589	997922
937257	687344	48274	513828	997607
628402	732864	960938	324382	541299
78808	355932	916345	795691	13901
251602	879820	463044	777339	234977
607211	564240	654556	194341	693175
977091	882562	289709	606520	111223
213790	974957	741530	87104	503057
623714	350460	910466	559513	837379
6095	757888	445562	378658	488175
496743	764886	699152	249736	980391
622517	775661	139684	559575	936310
921250	840200	596392	86617	91044
204787	918783	184619	301840	421519
474689	169523	919732	746897	519110
824553	518755	973894	65063	130
694852	319469	586552	264807	536805
931374	762351	78825	608480	58727
803082	576439	371789	266480	928008
344656	45950	434052	401401	408057
537532	500768	530184	758974	756619
475497	65584	277629	319291	156138
905298	356789	459548	186884	154594
284978	948116	728301	464100	143813
445188	932542	777611	415560	252327
619588	2197	544864	209217	699148
935392	374145	568040	742687	162200
137379	944945	875159	728331	567124
690463	965614	461881	263522	444161
487498	242362	68029	4834	626577
347948	304670	245192	925574	338475
428460	899388	857438	979099	79354
238598	380395	507062	515301	819144
760460	183169	563457	710622	256554
915360	248303	584539	251055	13349
618616	939895	373515	577250	721016
950518	861094	84825	710911	335070
696987	156297	636210	929504	19939
612437	839518	729093	234482	186174
598394	424064	442723	918212	4122
776675	654014	191637	362183	138903
979029	8731	85762	726704	436766
711092	43525	579910	222386	756525
505710	525154	836700	531559	640692
390065	585040	922407	72116	134502
452362	880385	198596	600001	681953
277014	53346	156402	269443	304735
861001	46774	511864	59738	688623
595736	737822	470969	58185	126377
252499	975630	497146	280211	149917
193188	26884	292332	595931	691765
441687	15247	66940	701896	983307
800861	330796	878758	793060	225136
913448	320718	168760	73138	238849
494927	504333	105638	279678	755575
44242	212237	770653	822939	985915
242308	287732	664938	195502	255433
945618	328808	416205	795241	918159
475279	517971	256873	466119	49295
850685	286260	125156	609930	700037
584228	206517	213722	196452	188447
481140	666022	80998	794018	243194
229527	147926	713254	284906	910055
909214	47772	540063	396324	42537
520748	737080	45671	432418	497778
392995	553727	660234	216447	211080
564531	53003	129602	383353	217217
401603	587696	739771	357136	411691
22022	182918	567961	905478	103962
61420	855198	13537	157175	648152
788139	874688	940946	131726	63523
739769	877101	261689	527476	315874
150025	675395	396384	532216	314983
478434	520889	539129	391941	202181
397003	33256	505666	757774	857229
840048	756208	216557	57639	394197
192714	678326	28642	868473	164682
236896	594768	797185	406038	344890
522052	11093	88050	633099	237064
777437	50378	165565	371646	563463
808624	867475	906087	568125	207982
351544	162507	609716	640415	591759
737161	175677	695566	805568	512085
134448	956021	673290	842871	574146
803588	112564	100038	876494	517083
874423	607838	926281	722752	777156
286202	175490	780890	231022	224563
138465	576683	111490	70496	362272
111551	512727	346431	800089	97843
328392	866399	18397	498380	503332
687580	573169	845019	672549	695513
504400	742839	429685	922552	73885
601830	880737	984482	564586	325182
260873	9608	941306	204544	312143
538508	937722	567518	313117	950800
82164	24604	343734	933348	80239
75866	163315	614176	254111	711589
15779	791290	428383	757811	759913
953357	934725	281288	328029	683374
762578	764435	209496	105623	829412
123508	170808	191931	620404	718764
674161	463376	774017	525949	270008
90464	696039	799249	986079	971498
418134	91858	817102	564720	287518
651117	616027	364378	106476	480250
206870	905513	35737	533628	388273
936993	23579	412867	253841	437017
539863	197312	343007	892846	314006
528460	988796	889426	708642	191805
507107	340552	6509	85841	144488
103603	374903	12590	859915	378000
945368	276354	702076	650742	156437
708961	227252	549262	22092	891753
937133	313967	484775	887506	610778
68371	352142	964795	250842	19363
137078	143700	441402	896102	595201
433682	31100	210061	35291	958461
447614	121997	790369	283812	354023
139130	780651	45043	548415	47253
820716	718134	252969	896982	616804
229949	260281	862622	983357	213090
207000	281393	82350	977823	367539
724246	851109	331335	503047	880727
802782	817187	288695	960219	572921
299544	761012	718433	498693	894312
472734	455065	654495	161468	670432
527701	395168	220744	192504	758873
243040	342050	383832	146652	941249
70474	2680	900178	550219	238142
24519	267386	271712	571213	48690
425746	520774	901113	460021	690019
827314	818364	68328	867430	658120
487766	434213	515165	121271	913562
91370	625444	195005	378034	554844
274066	705762	214999	80624	689194
756027	612307	863267	873517	132953
208159	284553	762974	887600	938381
976110	76987	627165	894048	707944
607390	977289	661121	574738	595578
366949	927306	113369	267852	127842
518807	744481	213457	521345	377076
221138	778366	287224	838186	700707
155237	136857	826676	341029	219539
974519	631652	923482	696156	939658
10042	783030	608484	178054	500025
625974	688955	199672	603989	968604
809763	38978	577429	988907	925475
952402	890206	191111	593921	307281
881727	442046	899665	966797	932674
746436	772210	345541	50740	437934
140570	905774	193984	403089	301195
363736	71268	169369	644016	788246
706481	350455	902548	311431	55497
140020	581823	836521	398888	565092
33903	995375	939838	911481	692835
126258	600780	69376	468727	699130
440530	225681	685130	757817	639460
848174	441191	37502	94246	198422
558442	672648	733228	597929	724443
317200	216920	537142	897823	455317
169626	512261	34686	818175	697747
293623	309122	785509	213792	198660
245645	659299	304256	423761	970513
31004	806335	758894	680584	646081
554513	575028	287562	798125	485475
101448	561767	346204	933324	258010
731971	838307	87682	725659	318177
508413	803385	497612	529052	346078
204846	83657	35775	813700	105639
116216	415534	375986	826299	681753
771983	701814	993378	211042	340948
219298	860122	376084	684397	552201
618412	421337	508907	97228	932369
703291	21443	411278	851181	187504
277657	468476	358726	217605	900039
949876	44894	550939	35315	238053
646789	800127	970557	586244	931869
681841	202277	954767	893348	406148
717003	449443	868432	853767	594264
943224	805311	403396	267478	448271
492163	717638	588409	305459	322315
87885	389171	463560	411369	616930
414130	969879	685534	592221	692919
325463	756805	889533	766487	349342
443474	473307	792810	841816	772027
89190	709367	747998	897091	399695
90366	975455	309624	743417	138585
512403	644271	754934	55243	841328
874633	210318	190243	722747	830463
218187	625361	994041	546413	483486
164734	833645	257930	869505	151341
60944	645324	992678	996869	979831
703934	954099	365499	264140	783173
392326	742374	417016	369182	163539
536718	654779	598258	214457	953432
384882	755212	800376	502015	397872
11928	393237	629027	533511	122040
85191	504345	422630	102227	748326
888028	86637	5266	595305	323927
406220	468425	978672	427432	341227
690632	374250	714084	273884	954959
932346	176112	713662	490305	829146
578066	693156	594289	176196	788025
131745	212986	370603	219682	747062
451053	780994	914292	224264	937817
378964	436419	424692	957565	733007
458172	839589	930726	210474	274330
520437	17789	28245	792342	103951
809482	221406	805390	832709	875610
672258	618706	734716	840464	159288
316786	85121	881992	78246	854862
710713	398888	664112	192471	120257
710746	385384	918031	565058	470402
169378	855914	650130	208931	875427
187177	508226	745999	532560	248084
40703	616965	954083	798104	632517
438779	126710	80724	357956	476465
433331	621519	67416	43943	493692
630074	219860	169774	296354	570218
945628	775091	238890	777870	911740
972181	195096	916208	756819	47463
978458	290477	495312	947150	448736
352169	165581	792381	356306	995061
6040	789663	731014	490625	813800
125833	137051	134049	499354	614083
769636	741170	943477	558761	18665
217060	189042	953204	88021	738852
878161	699743	531473	253085	105003
470258	976882	754755	388479	443251
151869	38256	319360	23704	739212
182760	163100	320389	244455	436720
916972	163197	837365	288913	984291
442649	805630	666640	424610	457476
941612	370972	16378	930111	105207
524493	369243	660554	787597	202868
291802	774493	325787	228091	770157
760452	668123	299544	53146	161075
913398	631718	99132	839095	346710
570455	245813	464350	383138	622690
196582	502428	948179	250291	348855
35361	646233	414079	215564	845269
718759	194969	368135	391179	665630
186033	330436	624479	477006	896068
702656	895752	671084	768007	388360
672772	252763	744315	263399	10245
314225	372139	558563	708414	536605
847901	522043	2528	147879	903716
548321	854877	903631	793188	15065
131686	784519	904458	225715	885022
225275	586485	731097	575223	484535
384760	161270	560244	541632	128724
235141	520972	248181	866619	340033
32410	240890	4726	786428	730824
815514	922554	69381	771682	349720
259299	319923	728381	705581	930117
375033	668598	865412	979489	784183
811170	844716	784916	835254	739788
869809	361529	781819	207823	628183
599068	414740	245569	389864	141751
321066	412978	537752	487599	538315
258627	581889	902911	578792	920098
266454	206075	291102	416178	502900
495307	144670	663584	42124	919286
668211	666758	44965	844852	66139
287235	374825	829350	700947	913451
201748	557176	109467	417714	666173
360684	49843	80021	957963	130215
869385	610750	516268	462277	439378
696436	420258	818041	947639	880849
366403	779336	349195	680988	197284
422244	704694	391033	880617	282485
801240	237251	467327	133512	112020
215208	669651	783669	871053	285555
521225	425001	471950	843398	826075
884775	896803	317879	261933	602554
194841	918294	574149	467342	810627
58900	612498	587554	87016	611807
466122	520569	977625	773214	174984
659882	990074	513591	377815	890592
616510	895946	631011	915283	430601
387039	498338	760986	319654	614694
874145	132727	464312	277824	845397
755528	549606	867069	945006	459305
13238	882646	278029	285654	550540
226032	127744	354951	203465	73471
974967	587761	792433	353107	677822
23765	350709	945008	364159	247417
804467	273826	37895	391519	721498
110823	495329	533003	599920	414157
118833	823981	474061	574409	392280
101749	163714	895573	590329	21091
948676	973568	856294	801323	377397
143774	519256	967240	769366	720977
128494	82618	230981	76528	480224
462562	3518	339717	310560	853462
340060	776002	152229	324761	189860
451067	59370	140040	640961	671971
444971	17104	289574	506521	488569
839747	796935	782668	716739	823138
250383	627623	68851	986716	348390
674075	742373	89847	776049	339969
234141	695628	688760	887459	15463
51826	910237	624900	796497	91020
513514	160404	230008	357643	737239
26768	854391	447535	780851	240978
636098	447246	506154	643816	430325
623357	366979	770016	798664	893583
316351	373348	591902	613306	938699
308074	174313	36807	431369	352445
462123	708947	405470	759817	102328
438893	636197	694878	161932	104615
898297	752865	731841	168358	28716
644890	956038	722920	660706	490486
485813	18079	511629	37522	261073
158714	71389	703032	30476	583352
229554	730509	107363	498258	812203
246630	356714	835894	356621	248874
399231	212832	846578	214634	518687
91499	195568	103368	475291	395419
358782	655756	593505	587001	316993
839442	410980	350135	787214	476271
386347	77339	118975	811712	528729
951235	156381	111987	832086	128208
369763	821202	205821	111046	389883
987935	178872	690455	858737	420297
990609	801585	532147	168470	554882
884426	343489	248070	33429	898718
421772	541629	74098	142	131289
540962	528466	544749	236452	915193
395166	266133	801398	210578	371710
747950	186453	122807	72029	679920
706204	588068	453941	645366	978672
918585	879677	720333	266452	44329
309316	5810	576970	485959	815782
916994	413825	765740	984523	790081
501768	992512	13809	148786	54142
173600	9336	332279	901057	689452
821991	80039	33298	914726	944480
258008	786083	312535	990585	755351
522567	613205	674219	460077	986211
212485	604977	482069	787574	917212
807557	41140	780443	535589	714680
356323	519820	657127	293086	546144
815483	480309	358401	211056	540753
920832	615709	698350	115244	142788
285981	498857	146126	233723	897625
405181	182542	960058	411765	662009
999311	594075	181093	294640	259870
798	678058	2829	841503	835406
288548	57481	719920	405360	177718
614213	542046	835997	462479	291213
158491	184691	656520	183610	378895
837660	211250	509049	604241	45722
951941	725727	999143	98871	960644
858189	451514	494521	797665	579314
153784	948279	547246	446021	587618
981635	769651	430620	58321	974178
81008	260965	485823	546223	702106
71917	51689	401020	245436	202744
282958	200379	990884	670305	957924
902164	796095	434500	283618	301330
636776	221090	538516	605971	625359
455987	12237	871005	779754	200356
55296	823688	677880	806702	81891
267526	189125	799469	438819	104739
290325	168751	903110	41245	940919
225414	470410	668673	344546	671738
131608	700209	28154	244292	452917
449917	985791	253133	89099	299341
647007	109590	801581	168343	175331
425111	102739	813723	723471	399479
663121	838689	562472	198522	58393
281093	904506	780326	761647	528937
264560	88016	603662	290537	945748
84816	184777	813141	985353	832401
795298	112084	377005	953802	35314
733113	640344	983448	317746	507097
950400	155510	759512	74657	509229
66884	585196	949927	838585	833755
479894	851105	126104	106302	357528
855362	394275	137333	300384	954863
518916	150163	624137	336069	596190
20400	31204	780571	114286	526903
135446	368755	894253	286891	171201
214359	58877	50670	397648	396585
668708	692973	505033	579653	821689
943978	348084	952962	915912	262547
163809	914937	312565	725457	204190
124090	195001	541785	969780	712680
865926	448019	609016	970502	302056
919029	865582	192997	277971	854978
708756	402648	727257	172116	41770
360212	935265	918181	293793	915460
70122	304813	842652	448158	661164
536967	732264	752268	830684	418866
662198	611283	571844	942563	430550
896233	349954	609668	292634	108042
628593	279140	144199	137772	602547
937727	270530	778724	244630	440742
997834	260122	816571	245191	637986
783836	150645	416765	300743	85400
840400	597245	682521	782857	965700
239393	207599	91935	429455	476189
205030	669723	331413	199477	885221
933025	689537	739673	179553	710779
97027	283872	625288	545977	744312
13512	92192	622704	681775	146265
803340	230245	411737	713456	193700
954630	233251	973205	338000	327917
620213	625518	43744	55608	974906
378916	1727	405397	165073	825553
980307	565327	680443	413529	457518
329972	250752	239864	948087	572007
581076	401740	529859	978541	319978
232182	31877	919910	667710	144043
191521	385535	43755	282251	894505
431938	102266	965966	367268	922329
316700	671674	302939	724184	819834
662608	309637	7229	850549	4042
410777	892392	895222	844024	97530
371098	387244	898562	657789	260852
295999	418644	360341	42986	590418
817135	644743	871298	620150	752295
686181	979509	191588	902135	739051
953878	952847	891949	551995	676065
827794	135166	449608	908672	330248
289320	209947	697967	878540	46969
509516	956456	663231	941404	21257
44884	845319	270358	217095	996960
933313	778334	534228	334622	21453
466157	540323	138252	391799	262200
810715	156139	430577	526540	662545
327332	79914	990685	79935	323650
424365	941387	338560	149421	597215
94801	107	633633	10240	834358
650801	954903	163470	772923	962590
999710	712937	420219	792835	629414
299539	176667	723707	159313	417405
14686	348695	940987	841237	602829
667143	868778	710604	77281	720709
922028	222606	735123	359493	908370
708087	332363	814608	237814	622069
718995	456031	81154	248443	858050
822441	649062	801497	260824	308990
248147	360360	113886	45004	922195
78545	936752	99929	661113	674326
727585	911945	347512	265155	931945
26284	771688	285929	732529	913373
266681	518692	979338	574125	966454
208197	95760	884106	773631	990191
347155	484439	145676	754469	594471
408645	103027	603361	435990	873459
224314	390258	497310	566173	998573
692102	385602	184088	186629	785945
414622	52674	18850	436922	145499
343875	382933	669983	761508	975175
838447	607222	287506	740393	223759
892643	508208	664751	807485	511222
443432	482081	781201	27104	569205
817649	973606	777056	97389	127211
508097	742717	699806	977349	698968
953488	721462	500703	698306	51716
310941	104941	122569	453252	865935
782472	45169	656915	882759	795313
349802	210691	290995	831847	136137
895577	857516	56017	545984	427471
221574	153843	64695	281024	905751
892548	351109	175218	247776	510672
871104	204891	992147	191311	528916
82371	996745	656235	340900	588658
214167	289973	245845	332759	899249
383997	859547	777968	491568	665896
201346	607378	505818	483015	463274
861505	215109	677977	390705	238972
633396	514260	115500	642563	662084
553674	642422	40542	104496	333713
273522	183277	926806	232601	308860
399709	655759	577263	108506	297725
921831	972839	248139	856136	535982
237462	172111	905376	89188	150181
355220	906913	993853	619298	514597
608615	151579	249661	368927	34595
966646	587920	248478	397317	814674
70002	102236	590006	40902	202232
184736	211841	6152	558781	977401
989473	841295	567522	774655	134898
748915	289315	210849	390598	864602
299712	677116	159257	763793	602180
231886	800198	144141	998220	446456
250795	217716	29459	42018	779734
57204	232810	374282	5538	240505
543370	193361	505771	839085	198875
571865	421494	751538	140204	480749
498534	406406	771543	853851	919656
52138	380861	678738	639500	298979
753143	631441	398418	996496	984606
376438	332687	76431	44648	310750
31676	946105	375208	361714	789347
307308	687778	843184	912958	206235
881654	555446	962518	295777	287327
965262	970996	826322	278973	235955
18354	446668	231094	478126	555713
819262	638952	826946	443317	146395
335304	822967	848278	910115	806669
863379	429379	865297	606011	142059
711099	829846	999065	507938	622579
851729	901206	535234	812847	959129
351502	323920	499965	373434	385446
759450	630820	809711	471465	229357
359229	870648	640386	844432	668680
643638	487989	429602	608765	308982
250439	788628	979324	426160	126144
673239	88046	850905	698725	290991
577959	362517	555038	331299	169655
677899	223913	802730	804950	193419
197598	864218	41600	934604	886337
203723	360474	775380	361009	867022
275622	7752	259568	277999	779125
253370	724244	662965	257855	437847
149340	457840	70693	263806	233767
543585	592122	369275	500779	47574
494083	513662	780466	361308	709568
532733	739109	24417	577706	478817
311332	214759	221368	439686	500023
135350	585435	465311	218524	192067
242905	886274	210476	448049	703760
247326	470362	866897	681081	271951
757011	207732	755166	29698	674748
802284	137443	671653	841452	330251
6008	96291	799061	997005	550116
47246	627169	472471	838275	186007
115027	990980	532554	288778	876970
723583	665562	259827	801328	749195
73982	210392	325299	432143	286209
501734	903226	909651	599267	901974
690638	849735	878081	688861	89177
898668	215875	627146	95777	251226
285886	136631	689529	676117	656317
713453	644151	290177	812827	574505
202194	462169	636753	997995	667995
112289	315611	165276	377294	865858
89408	375468	850292	259315	427243
853830	433189	117167	381243	148518
325477	529248	612396	839391	171837
793315	550005	308906	348124	838418
316866	332241	917678	943781	479557
49602	177696	531218	191823	944687
76249	884394	333963	985208	106721
687631	306794	643575	242719	343417
821544	680077	206462	836219	909138
18000	171224	280631	285309	868095
568239	768088	607071	849573	423873
216902	857065	159750	261276	12622
857957	199268	244584	805124	844687
325899	933852	367353	447051	948757
925774	787852	767236	741909	708400
472667	824237	638375	867242	66200
724550	529758	933124	927674	111578
612686	10761	955375	728421	41837
177279	780960	58590	427641	270614
842987	62861	720125	63219	62461
832543	480306	780527	477629	161118
740565	433751	742474	444746	418909
4566	953521	326220	639253	188516
140905	822546	471913	753447	611840
135937	325952	310957	956258	7340
394826	190095	254105	792828	3231
309998	514937	167012	712256	303807
119258	130673	69186	5030	287335
31820	250654	804442	952096	79197
759023	272148	512500	568347	566538
43711	95786	738175	615604	47189
767791	141656	773687	364547	63113
472607	992145	353182	637424	891199
388732	345932	660738	269015	395691
996217	504326	754274	753600	256277
905865	892003	207425	763427	521854
561649	720662	215349	256997	641724
506777	969215	286706	931323	149591
860463	572491	19295	295788	901078
179303	305952	393016	119800	366191
787715	315852	887931	59905	227748
454168	333130	262436	615758	357263
216862	659377	547400	836675	719799
354025	467433	965161	697486	884555
40369	736822	329766	315093	37779
245173	809970	186342	983212	98461
327863	356902	88437	443973	325034
226666	55993	231653	342381	851017
425468	797242	7901	18786	743224
613135	978221	720359	434870	128910
543374	917336	554419	111976	474409
844381	211811	168984	311692	25
850191	690038	936069	194542	143376
442117	137059	217581	163766	932230
528668	84491	529483	176884	935887
463716	961457	32520	923479	178389
385735	134522	85957	965960	375194
242875	695892	368936	122428	410006
522344	669208	370760	27623	171360
180849	683861	514049	981985	642670
934393	931332	964313	232728	758916
618996	432644	81662	996450	20221
942045	20670	909753	667585	621843
932081	502427	891677	728587	947990
323024	98462	56204	877013	511066
827416	608088	264549	436504	675451
186849	588248	825326	759522	957917
537034	325319	908423	374953	149855
934189	11811	327802	84666	254189
985902	20581	282085	69576	200010
804772	600911	248426	548568	165772
510932	137860	930322	880362	674237
822383	773344	773701	448593	309707
912356	715949	795301	867095	204069
474441	388614	905279	635996	962043
172557	361615	311372	214538	70686
217017	597302	653596	613106	490775
239522	872062	852405	139416	828739
429260	789566	137413	576529	653600
514650	1609	268357	710549	378071
447278	291428	562432	382630	201067
992217	82959	819890	978111	113985
312378	116610	187161	856864	278887
899806	276563	311640	533972	620715
940200	435311	530976	581999	957595
959957	37950	968492	540573	302027
486578	78088	641854	761268	604990
204476	404784	348473	972271	286238
778533	763357	907576	230647	848828
574855	824847	166214	823426	284351
212668	932851	140047	769304	715720
62444	284203	747861	537664	647069
260801	225907	192282	559686	427935
376128	827760	681610	14020	165522
796364	217650	659525	756307	555738
563915	469379	556766	866793	507415
400641	633588	779864	183340	332416
769732	95969	297857	344347	19019
637298	618121	182848	490751	689393
545730	42498	425429	189140	709380
146936	405153	671085	174359	317346
399056	387544	834049	64021	107214
841095	555725	623165	927797	537045
826726	909266	287539	596360	417237
740445	18462	908947	782963	641884
58468	167278	480213	940537	805235
817375	364582	363746	211906	971476
445625	739333	300790	512609	725341
535419	550143	344422	666	179080
665086	427303	862422	152542	839956
765314	686527	334431	812068	246868
522131	543500	985258	189058	687164
540747	510679	608056	546654	349293
579901	901244	550453	723414	475033
140919	301626	97035	155065	204507
328650	584749	494882	898754	574470
325194	324161	601296	552337	317120
356395	494586	492237	272375	873225
551323	870354	788695	59195	874086
710402	911681	455092	813967	464033
132360	349775	604164	772826	137338
172985	166484	550616	948951	465452
291955	989247	683355	382041	223372
635817	692564	168247	996886	210370
764327	467091	104632	667176	700948
830654	35022	889747	360982	872040
347819	362142	642645	982392	751555
77655	10776	116014	760149	996618
179171	683047	208958	30179	938204
846830	409926	509304	146602	44409
334492	381397	133131	666735	381614
717070	18755	636353	160713	381651
992512	975337	185441	72298	18003
365277	127569	384439	373073	190368
663704	726348	24277	959138	6152
720043	280240	673871	904413	855476
107159	797674	708187	732630	135854
361272	713926	792371	765167	326176
346588	737039	849235	82228	186470
473078	14327	492233	764713	245211
787558	741978	489814	748025	905939
784565	7706	153205	244769	715891
291988	906789	8510	248474	716483
375434	178544	897816	178850	657304
656421	700368	892824	572080	969520
940502	950770	586041	886176	868046
110934	322352	140023	750634	769657
365726	915450	386763	492421	538902
317711	682665	378346	781563	946550
497298	705373	608131	264926	45245
183928	264135	252566	871472	426936
73287	712823	325138	953421	716482
128389	990780	645521	974820	239029
378755	667555	314975	557035	972638
919266	424177	419671	502906	216035
494259	822593	668508	885639	1848
76918	262266	848494	70404	146496
367758	715515	856731	205505	715974
379726	961279	748787	307280	903158
324628	737339	634802	255634	130842
672502	989821	723317	713608	290931
456276	75570	717300	49855	815304
745409	504949	41367	904688	571547
406201	305200	928701	766871	904063
266571	446709	211767	105130	693083
275639	138231	381834	611140	27695
466019	878877	235342	173629	802560
30939	766532	995809	216028	306182
377378	417786	514836	459814	238897
992488	865612	635282	597044	347477
49170	50775	979586	589687	940274
280922	794792	103040	729668	823277
95067	586326	684026	281362	888954
978721	87869	792547	887619	193692
103684	614476	438258	677549	579990
203067	436736	433483	876688	912258
450853	334142	890483	503066	843064
300492	962935	419793	853575	589704
614088	117471	110952	733667	748486
432871	871639	241909	166923	941919
351544	324749	50099	281713	906090
26112	124626	638296	83960	30636
36097	961300	231091	255366	813977
795675	754048	559995	978219	118853
676505	190438	578428	328839	790019
302083	884820	938831	855438	315970
761423	159836	339243	396645	739630
523641	766658	118012	491699	539652
128240	454995	83364	453428	683979
860518	152928	34207	613562	349135
184665	42799	231677	831584	706267
891170	463380	46905	307936	369689
313943	795100	863800	962454	472110
64423	360240	171880	477861	599425
62614	588901	796016	881747	932278
514344	210295	470104	923958	728518
576070	776270	473208	471909	769743
673634	550497	435218	14045	915823
463221	962558	457648	830	568034
449689	336637	652947	880740	936691
532926	566198	691675	969212	164157
917255	813308	91309	285173	393409
895076	538526	270996	312775	369991
693914	665000	693333	523988	526587
208656	873313	781579	103982	74543
787102	403918	850264	639683	855563
343669	683825	411139	146531	920695
478936	713636	643882	995849	180199
927327	201630	346303	343182	178074
722420	95281	975839	363168	631442
912618	39996	501786	542764	245340
510447	416716	581367	672342	8024
308355	610168	979963	609768	24743
120734	910227	583727	972476	675135
161011	360119	561278	324165	405623
142179	357887	216951	987959	430497
285748	653032	482741	162407	288858
902472	53516	107526	329826	315273
346460	623522	747971	97000	597875
520324	898710	33147	17167	80241
757863	40974	977622	946312	956950
360800	329388	265389	37444	691596
901386	156888	249105	107800	178701
88219	419071	344828	887257	392177
771629	68633	359332	745847	830133
248491	486270	505589	124421	848342
332317	430551	927886	806904	904080
981291	968696	673392	18336	937157
514997	314848	907501	252224	879681
55852	668819	13146	469362	453548
482379	528025	376246	286986	642168
360154	358307	720333	624647	993064
584679	633369	448739	540780	633442
311199	414864	26215	61675	396775
393361	554984	130999	18783	671866
54166	150131	501739	825701	906605
734314	301319	263760	167070	38162
853011	612923	342755	261883	605929
288575	63465	763409	210909	737363
242094	394510	104013	904553	819349
443818	971901	589608	197280	625090
43039	273772	358581	945367	892646
225242	60809	519885	429309	244385
839374	63194	476784	712731	613707
817885	415985	616045	964147	118359
614063	186990	599884	113664	621122
977071	182220	962289	782034	76762
117356	754772	432297	273354	40717
865146	205763	805263	699616	471128
508287	946165	419156	542872	960689
943933	77619	679379	975177	996609
739918	990563	426632	918370	928301
747699	991714	753053	729944	754910
569811	388318	637312	197234	368841
841096	852065	584924	108068	665573
584959	569364	165283	238069	59747
448337	464738	834792	292007	154461
957868	495135	498992	939100	85186
961191	828280	713941	104324	363982
109080	419545	710457	109162	449963
129691	56169	581787	382322	949690
711550	837674	931058	353824	690745
813892	943013	28170	404648	615450
461226	19189	160517	704463	438603
559738	903022	743256	546046	80813
886302	441675	530527	222451	881933
350624	435988	681895	714692	17121
755637	966097	394552	425914	153111
543292	114221	808958	401171	318756
356825	767982	923645	56702	560869
781224	761023	155746	439153	612928
289173	566080	430642	789259	107038
136418	42160	888362	46970	763108
872265	701826	564997	640233	38605
514459	822399	691917	685377	877570
229895	667787	697262	292575	399201
550227	18655	618022	207900	848047
359819	746755	247849	28263	96710
742887	850655	308919	946125	702474
404401	125932	651287	950034	136136
601499	562810	989124	178627	487121
90357	259962	248472	785708	89761
69379	794142	40121	932931	287849
397421	894268	825940	995132	547521
422651	366358	723614	326371	419020
530898	249866	738473	262079	406372
187720	923842	384969	961905	568170
660018	605517	569925	696651	556188
805919	74169	600602	484992	134157
652817	414928	103032	571574	554242
333311	753145	520206	591883	962687
960509	804280	419704	523556	471983
892209	815462	379522	109050	971575
418609	504001	325430	307643	188484
120003	846017	620718	797081	301765
747340	28460	375078	644221	511941
502262	545416	916075	855701	476765
138735	660008	212396	956867	331014
197426	404435	911325	498081	615585
6426	764391	756110	610910	59140
98865	863296	610471	405776	151056
507859	364540	426551	7807	232091
501258	352078	944592	159336	565535
960334	4879	30313	559859	219983
94811	878485	526128	502808	502398
312807	473887	560462	106328	692913
746506	137927	165170	669112	265846
90009	648019	915499	930924	294079
318951	151070	953894	561856	126892
33261	650380	788616	275049	837730
122151	451989	643486	842146	19619
865685	590860	379414	966198	419355
123121	206664	588925	241715	969992
102989	215884	166076	280368	780571
985578	921368	804028	172890	3929
947873	338569	510165	809233	279891
505131	154145	588114	705422	768448
843394	285198	564355	150603	100064
822893	190501	377254	773706	746553
134505	923836	919022	700480	650702
416095	963623	194068	48906	924893
507742	610341	72687	41498	125869
432284	450645	647888	26582	91415
908848	143021	165521	187856	134962
311228	636309	212376	104308	880058
579746	411376	139957	544632	966814
649384	473354	177164	586173	483759
207735	927387	228567	38098	653064
458040	426557	78471	125051	552582
506975	952517	237090	331262	588269
462270	68732	597298	442178	513146
672873	674062	499304	783247	175445
409621	772582	586423	117264	987654
903458	911106	840812	547183	201589
461721	423877	582391	71875	730618
291131	67340	574409	79221	899547
873033	789087	2886	848471	732856
165829	157895	106644	380652	830948
591731	702083	403878	444888	430870
830800	629449	199415	821524	572534
386531	450747	9878	881764	885741
106893	476090	348908	265602	860498
841044	279703	404445	132480	590816
941055	551894	52101	660825	3837
31917	810369	87617	347174	390181
87311	160443	83956	165213	612840
358096	238508	884515	12382	186099
682143	951100	483289	552771	240504
696422	730933	759436	171538	165834
103487	526099	918196	547572	208129
633122	116828	835709	161360	740212
142012	111819	479456	201834	441963
560079	529531	757904	416976	648775
427502	996198	638243	137090	182001
890048	269892	870290	642497	33370
964696	901838	54442	992188	774972
114749	864039	801233	582125	493857
778063	124131	303337	561682	558691
860078	657240	918502	418933	150183
414322	903096	805972	463396	445387
763559	978224	977455	145714	862086
132559	941527	620475	713486	809721
222353	540481	43675	23334	709660
316041	492432	872097	343580	597447
501893	94263	5232	948321	324678
238419	847279	502055	873582	776097
301968	674493	229520	442167	997961
135859	327474	3587	218525	43875
378906	895330	908417	677052	772460
912844	650156	901861	159309	169937
89118	426212	952710	174571	733891
397311	763463	414708	659491	542475
885521	644	168799	54944	841600
103945	23469	524334	375038	159906
803691	876060	794530	394221	593093
186897	769160	714795	4004	328707
142655	939967	754615	778229	868299
713000	499500	456978	844067	862982
417533	172172	808004	433350	149568
693508	457141	97269	110477	76724
559470	707787	666105	486469	954701
737465	51264	850852	997550	108365
375439	318513	60157	834942	824991
279865	22884	690299	192083	868733
348651	656447	87592	994290	156509
76244	553582	352851	594225	942974
27875	473830	543637	383039	87698
443634	181239	865847	910391	608926
593406	2882	546313	860848	535073
29623	464307	96751	695204	993029
430786	571036	567799	999861	363060
148580	226164	249844	416074	615203
516753	272270	822903	451072	505213
477507	334482	969187	713294	994996
555721	658864	617734	689160	892100
448152	457456	965970	274125	53360
770311	713595	233586	365719	661651
87861	459234	469080	212871	510893
358637	160480	395828	124289	558083
612181	508847	190221	484410	792435
581442	732424	938690	567784	904087
37055	610854	400387	773039	696375
163505	41466	970018	860468	983074
718877	959687	683843	281319	951372
642430	506334	956021	184298	830164
685650	765023	139049	855744	261280
163327	370371	696842	87703	385589
462511	438778	569942	862425	285586
491311	434687	150651	844851	444427
554792	607462	178480	595475	583810
294583	251645	543929	931736	583874
291188	926946	55356	920375	113730
533069	124870	868775	712053	869057
253897	590158	647853	246632	284236
394100	488763	291205	145865	674356
952407	820094	463259	468022	677769
400773	634772	587020	734590	629761
81174	543857	923499	733458	884914
851841	394414	243176	774384	736060
419910	788550	473250	775867	141842
936254	97256	666054	799689	100590
835718	726997	693575	422757	200201
423189	474348	575174	116239	605135
766063	384044	561557	519003	501377
680155	483731	845433	769162	509663
261541	484552	686100	36225	431612
978344	719869	694942	295689	292146
958480	80020	686768	983174	166433
733678	197925	665555	628695	847235
242901	406819	41036	827142	78546
945566	780722	108154	110227	181250
381856	414723	868897	33402	587996
655844	825982	948044	12735	462337
303875	995883	768409	215906	366876
230473	473068	832072	363470	121927
463699	619317	552790	568531	119137
241678	215051	470223	662028	214310
41726	389945	59269	243868	753422
702745	928081	987650	911510	571421
700808	698749	434576	973081	467942
416426	468679	118185	95878	619520
9991	62658	426471	725826	309632
711984	850710	534722	125947	998327
368588	260818	102305	873780	772511
414448	997768	911364	451050	634495
46871	836379	86366	685684	480415
534652	813589	292959	689795	288010
380880	904238	921236	38273	714941
976396	657552	187072	135996	710381
86084	76673	34559	216091	253907
724966	846686	711637	366224	560061
556702	317282	52898	604465	31799
130142	916254	335777	23235	764683
730446	565722	927886	950748	769684
958481	949363	485268	180782	497003
273785	218617	950975	974398	358538
594087	157639	337635	652241	295810
70569	453926	659842	791835	626669
205320	688175	454914	717201	634286
138874	421579	476019	119128	246410
926657	679658	344600	823798	298475
195680	750699	939761	138063	943397
51068	942451	740627	629712	186209
714103	404208	582082	693830	532679
629750	128658	641701	404444	35745
109107	600169	80509	442797	937195
261999	531376	783937	161935	250139
931569	241882	725700	225998	884796
76137	296262	975681	155159	37752
378974	474988	622734	637732	803675
790555	604345	479752	926738	790153
31305	283630	181880	366260	831277
863860	226563	787346	723578	365527
67964	314650	558444	128360	446587
945012	454376	79222	94357	276254
223878	857484	432796	761466	291004
699626	420186	576652	711662	672225
246878	13418	283006	672182	977301
815128	636007	655599	364768	69819
355978	961380	280700	246234	270813
239333	810022	482765	73151	874934
176787	606872	354237	218117	821468
610967	753506	280233	216492	312424
679657	855286	924325	692542	391232
188001	8035	297441	435243	763987
185655	676506	590636	728451	349909
54211	514771	136622	664374	659652
566076	125809	671046	18583	263759
359024	305010	140247	400177	893747
626318	731694	615878	991399	973332
902474	4883	814327	802173	752016
173149	835155	805331	992200	179750
903638	421629	399756	79370	443307
680271	554241	252027	386228	876255
752487	666193	294698	843180	855850
939134	450598	599040	850186	299347
902466	243525	965701	991512	797548
402303	412413	265738	310844	977070
629684	123083	890401	379630	186416
794930	368842	80322	865312	716437
34110	891371	281206	354782	108440
759032	68290	982430	952902	756953
470038	255170	873287	942457	632793
319428	662285	415760	695094	39249
383608	983513	426795	704320	224502
361530	660954	57688	133321	769795
659362	255154	407179	424520	755884
139375	972428	434488	293865	204332
784561	718466	839192	332995	572375
154182	298035	114251	435396	357060
937023	972108	898204	151107	863492
794056	812174	718135	99912	33780
219881	63855	489451	595434	904487
468400	861040	572128	508822	727669
607787	854211	425700	865572	567069
722028	842557	958512	626608	555511
576034	442517	833950	958934	347330
410507	653445	294436	777611	203652
755788	749326	530772	207113	601973
100063	614386	100488	53038	153464
72453	858768	560558	487414	802739
294308	47854	695883	540404	865295
385914	181187	516560	607704	778305
807310	798195	956323	143402	844238
942556	234944	621964	731964	676150
909418	717621	771366	81047	756008
7014	790013	640174	831089	107142
224891	373437	411761	825542	152522
694763	266355	597967	701349	941969
133828	360769	899050	162555	347409
678339	13573	326495	273859	217244
35578	394271	264453	158549	95913
785807	421641	266051	315211	230384
50527	994110	219179	742736	697725
77126	756147	154553	682889	88778
339364	716125	229441	244856	663649
766906	818130	404098	495854	732922
565296	866218	86801	119555	612680
249488	911080	914270	181989	113587
531016	518892	379320	629536	991088
239837	525320	246261	388292	425787
933351	965733	413045	780774	204540
158867	955273	990872	211482	873165
179467	802423	321747	385600	633630
640894	776116	921949	323138	141372